nan, nan
nan, nan
nan, nan
nan, nan
nan, nan
nan, nan
nan, nan
nan, nan
nan, nan
nan, nan
nan, nan
nan, nan
nan, nan
nan, nan
nan, nan
nan, nan
nan, nan
nan, nan
nan, nan
nan, nan
nan, nan
nan, nan
nan, nan
nan, nan
nan, nan
nan, nan
nan, nan
nan, nan
nan, nan
nan, nan
nan, nan
nan, nan
nan, nan
nan, nan
nan, nan
nan, nan
nan, nan
nan, nan
nan, nan
nan, nan
nan, nan
nan, nan
nan, nan
nan, nan
nan, nan
nan, nan
nan, nan
nan, nan
nan, nan
nan, nan
nan, nan
nan, nan
nan, nan
nan, nan
nan, nan
nan, nan
nan, nan
nan, nan
nan, nan
nan, nan
nan, nan
nan, nan
nan, nan
nan, nan
nan, nan
nan, nan
nan, nan
nan, nan
nan, nan
nan, nan
nan, nan
nan, nan
nan, nan
nan, nan
nan, nan
nan, nan
nan, nan
nan, nan
nan, nan
nan, nan
nan, nan
nan, nan
nan, nan
nan, nan
nan, nan
nan, nan
nan, nan
nan, nan
nan, nan
nan, nan
nan, nan
nan, nan
nan, nan
nan, nan
nan, nan
nan, nan
nan, nan
nan, nan
nan, nan
nan, nan
nan, nan
nan, nan
nan, nan
nan, nan
nan, nan
nan, nan
nan, nan
nan, nan
nan, nan
nan, nan
nan, nan
nan, nan
nan, nan
nan, nan
nan, nan
nan, nan
nan, nan
nan, nan
nan, nan
nan, nan
nan, nan
nan, nan
nan, nan
nan, nan
nan, nan
nan, nan
nan, nan
nan, nan
nan, nan
nan, nan
nan, nan
nan, nan
nan, nan
nan, nan
nan, nan
nan, nan
nan, nan
nan, nan
nan, nan
nan, nan
nan, nan
nan, nan
nan, nan
nan, nan
nan, nan
nan, nan
nan, nan
nan, nan
nan, nan
nan, nan
nan, nan
nan, nan
nan, nan
nan, nan
nan, nan
nan, nan
nan, nan
nan, nan
nan, nan
nan, nan
nan, nan
nan, nan
nan, nan
nan, nan
nan, nan
nan, nan
nan, nan
nan, nan
nan, nan
nan, nan
nan, nan
nan, nan
nan, nan
nan, nan
nan, nan
nan, nan
nan, nan
nan, nan
nan, nan
nan, nan
nan, nan
nan, nan
nan, nan
nan, nan
nan, nan
nan, nan
nan, nan
nan, nan
nan, nan
nan, nan
nan, nan
nan, nan
nan, nan
nan, nan
nan, nan
nan, nan
nan, nan
nan, nan
nan, nan
nan, nan
nan, nan
nan, nan
nan, nan
nan, nan
nan, nan
nan, nan
nan, nan
nan, nan
nan, nan
nan, nan
nan, nan
nan, nan
nan, nan
nan, nan
nan, nan
nan, nan
0.14297579357625834, 0.0
0.14297579357625834, 0.0
0.14297579357625834, 0.0
0.14297579357625834, 0.0
nan, nan
nan, nan
nan, nan
nan, nan
nan, nan
nan, nan
nan, nan
nan, nan
nan, nan
nan, nan
nan, nan
nan, nan
nan, nan
nan, nan
nan, nan
nan, nan
nan, nan
nan, nan
0.14297579357625834, 0.0
0.14297579357625834, 0.0
nan, nan
nan, nan
nan, nan
nan, nan
nan, nan
nan, nan
nan, nan
nan, nan
nan, nan
nan, nan
nan, nan
nan, nan
nan, nan
nan, nan
nan, nan
nan, nan
nan, nan
nan, nan
nan, nan
nan, nan
nan, nan
nan, nan
nan, nan
nan, nan
nan, nan
nan, nan
nan, nan
nan, nan
nan, nan
nan, nan
nan, nan
nan, nan
nan, nan
nan, nan
nan, nan
nan, nan
nan, nan
nan, nan
nan, nan
nan, nan
nan, nan
nan, nan
nan, nan
nan, nan
nan, nan
nan, nan
nan, nan
nan, nan
nan, nan
nan, nan
nan, nan
nan, nan
nan, nan
nan, nan
nan, nan
nan, nan
nan, nan
nan, nan
nan, nan
nan, nan
nan, nan
nan, nan
nan, nan
nan, nan
nan, nan
nan, nan
nan, nan
nan, nan
nan, nan
nan, nan
nan, nan
nan, nan
nan, nan
nan, nan
nan, nan
nan, nan
nan, nan
nan, nan
nan, nan
nan, nan
nan, nan
nan, nan
nan, nan
nan, nan
nan, nan
nan, nan
nan, nan
nan, nan
nan, nan
nan, nan
nan, nan
nan, nan
nan, nan
nan, nan
nan, nan
nan, nan
0.22001490890307893, 0.0
0.22001490890307893, 0.0
0.2200149089030789, 2.7755575615628914e-17
0.22001490890307893, 0.0
nan, nan
nan, nan
nan, nan
nan, nan
nan, nan
nan, nan
nan, nan
nan, nan
nan, nan
nan, nan
nan, nan
nan, nan
nan, nan
nan, nan
nan, nan
nan, nan
nan, nan
nan, nan
nan, nan
0.14297579357625834, 0.0
nan, nan
nan, nan
nan, nan
nan, nan
nan, nan
nan, nan
nan, nan
nan, nan
nan, nan
nan, nan
nan, nan
nan, nan
nan, nan
nan, nan
nan, nan
nan, nan
nan, nan
0.3520819637490599, 0.0
0.3520819637490599, 0.0
0.3400758678539707, 0.037966608834879796
nan, nan
nan, nan
nan, nan
nan, nan
nan, nan
nan, nan
nan, nan
nan, nan
nan, nan
nan, nan
nan, nan
nan, nan
nan, nan
nan, nan
nan, nan
nan, nan
nan, nan
nan, nan
nan, nan
nan, nan
nan, nan
nan, nan
nan, nan
nan, nan
nan, nan
nan, nan
nan, nan
nan, nan
nan, nan
nan, nan
nan, nan
nan, nan
nan, nan
nan, nan
nan, nan
nan, nan
nan, nan
nan, nan
nan, nan
nan, nan
nan, nan
nan, nan
nan, nan
nan, nan
nan, nan
nan, nan
nan, nan
nan, nan
nan, nan
nan, nan
nan, nan
nan, nan
nan, nan
nan, nan
nan, nan
nan, nan
nan, nan
nan, nan
nan, nan
nan, nan
nan, nan
nan, nan
nan, nan
nan, nan
nan, nan
nan, nan
nan, nan
nan, nan
nan, nan
nan, nan
nan, nan
nan, nan
nan, nan
0.27871137772351545, 0.07337058602554446
0.27871137772351545, 0.07337058602554446
0.2787113777235154, 0.07337058602554446
0.27455913371635055, 0.07990608342865084
0.28239184249427346, 0.08107471798993057
0.2873521090781452, 0.08068629399196968
0.28401509299381167, 0.07947864689970276
nan, nan
nan, nan
nan, nan
nan, nan
nan, nan
nan, nan
nan, nan
nan, nan
nan, nan
nan, nan
nan, nan
nan, nan
0.205340791697971, 0.0
0.2267779799278838, 0.052510172683283625
0.23021254690127338, 0.055618030414526176
0.23589689561962998, 0.05824871550832353
0.23696992564675926, 0.05902945577522767
0.2362379768548005, 0.05804654863893581
0.23602223076857648, 0.058045088399301906
0.2385134452526558, 0.059606028026807395
nan, nan
nan, nan
nan, nan
nan, nan
nan, nan
nan, nan
nan, nan
nan, nan
0.1457805417401159, 0.0
0.1457805417401159, 0.0
0.205340791697971, 0.0
0.205340791697971, 0.0
0.205340791697971, 0.0
0.23347710124973153, 0.05857039894435406
0.2522883758280422, 0.0694391353754411
0.26794584259547266, 0.07996206511039584
0.27265369601267847, 0.0816089749861467
0.26770659901664023, 0.07703145006027619
0.2653902108522185, 0.0777091624819193
0.2638990004336835, 0.07416945338219284
nan, nan
nan, nan
nan, nan
nan, nan
nan, nan
nan, nan
nan, nan
nan, nan
nan, nan
0.1457805417401159, 0.0
nan, nan
0.35540110930736046, 0.0
0.35540110930736046, 0.0
0.3731165288084943, 0.053146258503401406
0.3630018694492582, 0.06769167707520239
0.35341151518478164, 0.08348650661261983
0.35150752824343523, 0.08397729715213266
0.35155899883196834, 0.08345022399517253
0.34902837383952223, 0.08373330959694084
0.34764274457436145, 0.08557078725247604
nan, nan
nan, nan
nan, nan
nan, nan
nan, nan
nan, nan
nan, nan
nan, nan
nan, nan
nan, nan
0.35540110930736046, 0.0
0.3554011093073605, 5.551115123125783e-17
0.35540110930736046, 0.0
0.35193750310736577, 0.0232122138811002
0.3543952081175185, 0.027313032113363073
0.3554220808572745, 0.036342820760010115
0.35497158204817797, 0.04077928751886755
0.3526891030156496, 0.04054936744478205
0.3536972359740006, 0.03996059647166988
0.35149399594022623, 0.041065213895769705
nan, nan
nan, nan
nan, nan
nan, nan
nan, nan
nan, nan
nan, nan
nan, nan
nan, nan
nan, nan
0.35540110930736046, 0.0
0.35540110930736046, 0.0
0.35509936880206044, 0.0009541872590782638
0.34976880241623654, 0.027318177782556345
0.35057851802579065, 0.05266558649463563
0.35375467307965824, 0.053332645902428436
0.35492704633587874, 0.056449440478382004
0.3514947243540695, 0.05560157282839318
0.35739509786121987, 0.060463212075300414
0.3577748046831255, 0.049467338244814564
nan, nan
nan, nan
nan, nan
nan, nan
nan, nan
nan, nan
0.1457805417401159, 0.0
0.1457805417401159, 0.0
0.1457805417401159, 0.0
0.1457805417401159, 0.0
nan, nan
nan, nan
nan, nan
0.33439441176076046, 0.036384667449943696
0.34409975499949963, 0.043477129915431054
0.34328812583053403, 0.048253448385931444
0.34320267066704735, 0.04682781502706688
0.34365483326346175, 0.04835184681892815
0.3440782932687741, 0.046034281304178644
0.3464805596501769, 0.04396336860652054
nan, nan
nan, nan
nan, nan
nan, nan
nan, nan
nan, nan
nan, nan
nan, nan
nan, nan
nan, nan
nan, nan
0.35540110930736046, 0.0
0.35540110930736046, 0.0
0.3552430547569651, 0.0007068414376739522
0.3552455243593152, 0.0007015713885164024
0.35503635800025507, 0.013331210895262856
0.3548315913151116, 0.013098370694119581
0.3552064824961339, 0.014812378564786765
0.3553569163975606, 0.018898737721080625
0.3546436547033347, 0.02207090887525259
nan, nan
nan, nan
nan, nan
nan, nan
nan, nan
nan, nan
nan, nan
nan, nan
nan, nan
nan, nan
nan, nan
nan, nan
0.4667968749999996, 0.0
0.42966495310245323, 0.05251246754448861
0.4108150521384665, 0.06511132450611459
0.4111207988185005, 0.06984235381926275
0.408502194262216, 0.07248740344433043
0.40530565344191705, 0.07482073100365604
0.4016172573669624, 0.07651918319963635
0.4011538260299199, 0.0751756607352914
nan, nan
nan, nan
nan, nan
nan, nan
nan, nan
nan, nan
nan, nan
nan, nan
nan, nan
nan, nan
nan, nan
nan, nan
0.46548118389574505, 0.0
0.4519562072420894, 0.050605828802096055
0.43471243465551523, 0.0734815241026241
0.428264380951013, 0.07922391640723424
0.42606945974394617, 0.08139000558850973
0.4213793415502479, 0.08500721366094782
0.4272835000722221, 0.08029899185957742
0.42881700488338914, 0.07965444680640976
nan, nan
nan, nan
nan, nan
nan, nan
nan, nan
0.1457805417401159, 0.0
0.1457805417401159, 0.0
0.1457805417401159, 0.0
0.14578054174011593, 2.7755575615628914e-17
0.14578054174011593, 2.7755575615628914e-17
nan, nan
nan, nan
0.4667968749999996, 0.0
0.4667968749999996, 0.0
0.46679687499999967, 5.551115123125783e-17
0.45740425360025855, 0.0307572371107256
0.4569842122376315, 0.03074894006001308
0.45872374486719064, 0.02792738077660707
0.4588693302734949, 0.027878663602551805
0.4575140214505892, 0.030799513129086666
nan, nan
nan, nan
nan, nan
nan, nan
nan, nan
0.1457805417401159, 0.0
0.1457805417401159, 0.0
0.1457805417401159, 0.0
0.14578054174011595, 5.551115123125783e-17
0.14578054174011593, 2.7755575615628914e-17
nan, nan
nan, nan
nan, nan
0.46591974759716326, 0.0006202227345101428
0.4659197475971632, 0.0006202227345101428
0.4659510735758361, 0.0006304231599653469
0.46009784784236896, 0.03340118631446645
0.4586211328831706, 0.03613605147050155
0.4568361817311736, 0.040371183452672536
0.45635358807598264, 0.04133866596470394
nan, nan
nan, nan
nan, nan
nan, nan
nan, nan
nan, nan
nan, nan
nan, nan
nan, nan
0.1457805417401159, 0.0
nan, nan
0.35540110930736046, 0.0
0.41044114660155273, 0.055040037294192296
0.43402973401334943, 0.0497291086715025
0.42403446160003516, 0.0664786507310785
0.4311134492974881, 0.0607206190177371
0.4290097167523584, 0.06452351505043244
0.43064718183528466, 0.06480120706736946
0.42908634828533737, 0.06606906258326228
0.43174597546971616, 0.062576123181612
nan, nan
nan, nan
nan, nan
nan, nan
nan, nan
nan, nan
nan, nan
nan, nan
nan, nan
nan, nan
nan, nan
nan, nan
0.46548118389574505, 0.0
0.46548118389574505, 0.0
0.4519562072420894, 0.05060582880209606
0.452236624242632, 0.050856732288188614
0.45476211682145723, 0.050294457864741286
0.4540897435772581, 0.05027630115692524
0.454744313582623, 0.04827734787072385
0.45800674066508484, 0.044188746471521184
nan, nan
nan, nan
nan, nan
nan, nan
nan, nan
nan, nan
nan, nan
nan, nan
nan, nan
0.0673972829551954, 0.07838325878492051
nan, nan
nan, nan
0.3978563006274664, 0.09563602707189706
0.43166874226160573, 0.0756069179791796
0.44888599471525825, 0.05534015166695887
0.4465721622210569, 0.06290135285402816
0.4441711357265016, 0.06562526502442396
0.4410935542760668, 0.06862698883994285
0.4442204803410965, 0.0641742643566211
0.44526562193459973, 0.0622358750124559
nan, nan
nan, nan
nan, nan
nan, nan
nan, nan
nan, nan
nan, nan
-0.010985975829725117, 0.0
-0.010985975829725117, 0.0
-0.010985975829725117, 0.0
nan, nan
0.46548118389574505, 0.0
0.46548118389574505, 0.0
0.47964543571906, 0.02102991020537473
0.47848359078180985, 0.020528083388367927
0.4758610286594474, 0.029803951041956774
0.4767459793915642, 0.03231889550389315
0.47681236637175217, 0.03344183841898653
0.47840566884460867, 0.032764747940584864
0.4778308479759366, 0.03588895810236888
nan, nan
nan, nan
nan, nan
nan, nan
nan, nan
0.1457805417401159, 0.0
0.1457805417401159, 0.0
0.1457805417401159, 0.0
0.14578054174011595, 5.551115123125783e-17
0.14578054174011593, 2.7755575615628914e-17
nan, nan
0.4658101066718087, 0.0005697109599088234
0.4616221966001097, 0.029550543424288995
0.4609413996451962, 0.02811257397411839
0.46036560318244546, 0.03352429445877196
0.4623055696082672, 0.03436840258161954
0.46086229515761357, 0.039058680361421495
0.4584861555008957, 0.04920626135502669
0.4538600143630267, 0.05470045851217057
0.4506796486079769, 0.058122383608827814
nan, nan
nan, nan
nan, nan
nan, nan
nan, nan
nan, nan
nan, nan
nan, nan
nan, nan
0.1457805417401161, 0.0
0.35540110930736046, 0.0
0.3554011093073603, 1.9068706655153886e-16
0.39540459876765344, 0.05750909613920205
0.4104387405749306, 0.06440797126712094
0.4105850344621543, 0.06373034060488007
0.41138788125571074, 0.06297914677586182
0.41381331635506524, 0.06460179227335057
0.41266953760232883, 0.06529396962644274
0.4173938075022246, 0.06685619514785092
0.416357894682896, 0.06753815159701745
nan, nan
nan, nan
nan, nan
nan, nan
nan, nan
nan, nan
nan, nan
nan, nan
nan, nan
nan, nan
0.3554011093073601, 0.0
0.3554011093073601, 0.0
0.3554011093073601, 0.0
0.35559751085393587, 0.0012421524463181552
0.3555375917380313, 0.0010394192249294065
0.3554508158716169, 0.0016731262016767684
0.35528974548052866, 0.003609047102745765
0.3557432379147478, 0.009602720608437573
0.355391106247224, 0.002391421860662197
0.3556675430805013, 0.0043757983065291686
nan, nan
nan, nan
nan, nan
nan, nan
nan, nan
nan, nan
0.1457805417401159, 0.0
0.1457805417401159, 0.0
0.1457805417401159, 0.0
0.14578054174011595, 5.551115123125783e-17
nan, nan
0.3554011093073601, 0.0
0.3554011093073601, 0.0
0.3554011093073601, 0.0
0.35540110930736013, 7.743648305501735e-17
0.356844475390214, 0.017305893290572107
0.35760689961428194, 0.02033483627649176
0.35833820182462406, 0.022867766100458556
0.35844407105854803, 0.02271149303202671
0.3579350312509302, 0.02058747473917004