nan, nan
nan, nan
nan, nan
nan, nan
nan, nan
nan, nan
nan, nan
nan, nan
nan, nan
nan, nan
nan, nan
nan, nan
nan, nan
nan, nan
nan, nan
nan, nan
nan, nan
nan, nan
nan, nan
nan, nan
nan, nan
nan, nan
nan, nan
nan, nan
nan, nan
nan, nan
nan, nan
nan, nan
nan, nan
nan, nan
nan, nan
nan, nan
nan, nan
nan, nan
nan, nan
nan, nan
nan, nan
nan, nan
nan, nan
nan, nan
nan, nan
nan, nan
nan, nan
nan, nan
nan, nan
nan, nan
nan, nan
nan, nan
nan, nan
nan, nan
nan, nan
nan, nan
nan, nan
nan, nan
nan, nan
nan, nan
nan, nan
nan, nan
nan, nan
nan, nan
nan, nan
nan, nan
nan, nan
nan, nan
nan, nan
nan, nan
nan, nan
nan, nan
nan, nan
nan, nan
nan, nan
nan, nan
nan, nan
nan, nan
nan, nan
nan, nan
nan, nan
nan, nan
nan, nan
nan, nan
nan, nan
nan, nan
nan, nan
nan, nan
nan, nan
nan, nan
nan, nan
nan, nan
nan, nan
nan, nan
nan, nan
nan, nan
nan, nan
nan, nan
nan, nan
nan, nan
nan, nan
nan, nan
nan, nan
nan, nan
nan, nan
nan, nan
nan, nan
nan, nan
nan, nan
nan, nan
nan, nan
nan, nan
nan, nan
nan, nan
nan, nan
nan, nan
nan, nan
nan, nan
nan, nan
nan, nan
nan, nan
nan, nan
nan, nan
nan, nan
nan, nan
nan, nan
nan, nan
nan, nan
nan, nan
nan, nan
nan, nan
nan, nan
nan, nan
nan, nan
nan, nan
nan, nan
nan, nan
nan, nan
nan, nan
nan, nan
nan, nan
nan, nan
nan, nan
nan, nan
nan, nan
nan, nan
nan, nan
nan, nan
nan, nan
nan, nan
nan, nan
nan, nan
nan, nan
nan, nan
nan, nan
nan, nan
nan, nan
nan, nan
nan, nan
nan, nan
nan, nan
nan, nan
nan, nan
nan, nan
nan, nan
nan, nan
nan, nan
nan, nan
nan, nan
nan, nan
nan, nan
nan, nan
nan, nan
nan, nan
nan, nan
nan, nan
nan, nan
nan, nan
nan, nan
nan, nan
nan, nan
nan, nan
nan, nan
nan, nan
nan, nan
nan, nan
nan, nan
nan, nan
nan, nan
nan, nan
nan, nan
nan, nan
-0.23786022884663813, 2.7476618026966064e-16
-0.23786022884663804, 2.9176378038049177e-16
nan, nan
nan, nan
nan, nan
nan, nan
nan, nan
nan, nan
nan, nan
nan, nan
nan, nan
nan, nan
nan, nan
nan, nan
nan, nan
nan, nan
nan, nan
nan, nan
nan, nan
nan, nan
nan, nan
nan, nan
nan, nan
nan, nan
nan, nan
nan, nan
nan, nan
nan, nan
nan, nan
nan, nan
nan, nan
nan, nan
nan, nan
nan, nan
nan, nan
nan, nan
nan, nan
nan, nan
nan, nan
nan, nan
nan, nan
nan, nan
nan, nan
nan, nan
nan, nan
nan, nan
nan, nan
nan, nan
nan, nan
nan, nan
nan, nan
nan, nan
nan, nan
nan, nan
nan, nan
nan, nan
nan, nan
nan, nan
nan, nan
nan, nan
-0.2722895287710897, 0.0
-0.27228952877108975, 5.551115123125783e-17
nan, nan
nan, nan
nan, nan
nan, nan
nan, nan
nan, nan
nan, nan
nan, nan
nan, nan
nan, nan
nan, nan
nan, nan
nan, nan
nan, nan
nan, nan
nan, nan
nan, nan
nan, nan
nan, nan
nan, nan
nan, nan
nan, nan
nan, nan
nan, nan
nan, nan
nan, nan
nan, nan
nan, nan
nan, nan
nan, nan
nan, nan
nan, nan
nan, nan
nan, nan
nan, nan
nan, nan
nan, nan
nan, nan
nan, nan
nan, nan
nan, nan
nan, nan
nan, nan
nan, nan
nan, nan
nan, nan
nan, nan
nan, nan
nan, nan
nan, nan
nan, nan
nan, nan
nan, nan
nan, nan
nan, nan
nan, nan
nan, nan
nan, nan
nan, nan
nan, nan
nan, nan
nan, nan
nan, nan
nan, nan
nan, nan
nan, nan
nan, nan
nan, nan
nan, nan
nan, nan
nan, nan
nan, nan
nan, nan
nan, nan
nan, nan
nan, nan
nan, nan
nan, nan
-0.2722895287710897, 0.0
-0.27228952877108975, 5.551115123125783e-17
nan, nan
nan, nan
nan, nan
nan, nan
nan, nan
nan, nan
nan, nan
nan, nan
nan, nan
nan, nan
nan, nan
nan, nan
nan, nan
-0.2722895287710897, 0.0
-0.2722895287710897, 0.0
-0.26812778467456705, 0.01995902353006412
-0.26993936739893576, 0.015139855571283892
-0.2693190645832371, 0.01696678595533492
-0.26963160817162984, 0.016075245155792877
-0.2705464558177721, 0.013081027009610833
nan, nan
nan, nan
nan, nan
nan, nan
nan, nan
nan, nan
nan, nan
nan, nan
nan, nan
nan, nan
nan, nan
nan, nan
nan, nan
nan, nan
nan, nan
nan, nan
nan, nan
nan, nan
nan, nan
nan, nan
nan, nan
nan, nan
nan, nan
nan, nan
nan, nan
nan, nan
nan, nan
nan, nan
nan, nan
nan, nan
nan, nan
nan, nan
nan, nan
nan, nan
nan, nan
nan, nan
nan, nan
0.007240209429000199, 0.0
0.007240209429000199, 0.0
-0.007363892383170444, 0.04843632611111936
nan, nan
nan, nan
nan, nan
nan, nan
nan, nan
nan, nan
nan, nan
nan, nan
nan, nan
nan, nan
nan, nan
nan, nan
nan, nan
nan, nan
nan, nan
-0.16800901231704748, 0.0
-0.16800901231704748, 0.0
-0.16800901231704748, 0.0
-0.16800901231704748, 0.0
-0.1680090123170475, 2.7755575615628914e-17
nan, nan
nan, nan
nan, nan
nan, nan
nan, nan
nan, nan
nan, nan
nan, nan
nan, nan
nan, nan
nan, nan
nan, nan
nan, nan
nan, nan
nan, nan
nan, nan
nan, nan
nan, nan
nan, nan
-0.2722895287710897, 0.0
nan, nan
nan, nan
nan, nan
nan, nan
nan, nan
nan, nan
nan, nan
nan, nan
nan, nan
nan, nan
nan, nan
nan, nan
nan, nan
nan, nan
-0.2722895287710897, 0.0
-0.27228952877108975, 5.551115123125783e-17
-0.2722895287710897, 0.0
-0.27228952877108975, 5.551115123125783e-17
-0.27228952877108975, 5.551115123125783e-17
-0.27220993861729104, 0.0019511766044105641
nan, nan
nan, nan
nan, nan
nan, nan
nan, nan
nan, nan
nan, nan
nan, nan
nan, nan
nan, nan
nan, nan
nan, nan
-0.2722895287710897, 0.0
-0.2722895287710897, 0.0
-0.2722895287710897, 0.0
-0.27228952877108975, 5.551115123125783e-17
-0.2722895287710898, 1.1102230246251565e-16
-0.27228952877108975, 5.551115123125783e-17
-0.27228952877108975, 5.551115123125783e-17
-0.27228952877108975, 5.551115123125783e-17
nan, nan
nan, nan
nan, nan
nan, nan
nan, nan
nan, nan
nan, nan
nan, nan
nan, nan
nan, nan
nan, nan
nan, nan
-0.2722895287710897, 0.0
-0.2722895287710897, 0.0
-0.27228952877108975, 5.551115123125783e-17
-0.2722895287710897, 0.0
-0.27228952877108975, 5.551115123125783e-17
-0.27228952877108975, 5.551115123125783e-17
-0.27229001019539534, 1.389474283804244e-05
-0.272291526322686, 2.8249645589118704e-05
nan, nan
nan, nan
nan, nan
nan, nan
nan, nan
nan, nan
nan, nan
nan, nan
nan, nan
nan, nan
nan, nan
nan, nan
nan, nan
-0.2722895287710897, 0.0
-0.2722895287710897, 0.0
-0.26332870680348647, 0.032308703074497805
-0.2594227074842747, 0.03806057064384098
-0.2585682701331972, 0.03915456094697494
-0.26058938817090305, 0.036481597919151856
-0.26209273135967914, 0.03428161212600444
nan, nan
nan, nan
nan, nan
nan, nan
nan, nan
nan, nan
nan, nan
nan, nan
nan, nan
nan, nan
nan, nan
nan, nan
nan, nan
nan, nan
nan, nan
nan, nan
-0.2722895287710895, 0.0
-0.2722895287710895, 0.0
-0.2722895287710895, 0.0
-0.2722895287710895, 0.0
nan, nan
nan, nan
nan, nan
nan, nan
nan, nan
nan, nan
nan, nan
nan, nan
nan, nan
nan, nan
nan, nan
nan, nan
-0.2722895287710895, 0.0
-0.2722895287710895, 0.0
-0.2722895287710895, 0.0
-0.26746447078853386, 0.024125289912778066
-0.2660943925959563, 0.027181049655918943
-0.26631564745935393, 0.026716009405112474
-0.26715097832074064, 0.024864315793299896
-0.2669175498585212, 0.025398123860874488
nan, nan
nan, nan
nan, nan
nan, nan
nan, nan
nan, nan
nan, nan
nan, nan
nan, nan
nan, nan
nan, nan
nan, nan
nan, nan
-0.2722895287710895, 0.0
-0.2722895287710895, 0.0
-0.2722895287710894, 5.551115123125783e-17
-0.2722895287710895, 0.0
-0.2722895287710894, 5.551115123125783e-17
-0.2721524025592362, 0.0022836243753478094
-0.27220038897334964, 0.0017608517302393973
nan, nan
nan, nan
nan, nan
nan, nan
nan, nan
nan, nan
nan, nan
nan, nan
nan, nan
nan, nan
nan, nan
-0.2722895287710895, 0.0
-0.2722895287710895, 0.0
-0.2722895287710894, 5.551115123125783e-17
-0.27228952877108953, 5.551115123125783e-17
-0.2722895287710894, 5.551115123125783e-17
-0.2722895287710894, 5.551115123125783e-17
-0.27220319855021224, 0.002031972071246794
-0.27199485919798483, 0.0037458982129630483
-0.2717597751429798, 0.005010148808265448
nan, nan
nan, nan
nan, nan
nan, nan
nan, nan
nan, nan
nan, nan
nan, nan
nan, nan
nan, nan
-0.2722895287710895, 0.0
-0.2722895287710895, 0.0
-0.2722895287710895, 0.0
-0.2722895287710895, 0.0
-0.2722895287710894, 5.551115123125783e-17
-0.2722895287710895, 0.0
-0.27228952877108936, 1.1102230246251565e-16
-0.27222971195138057, 0.0016918751538059736
-0.2721163482677636, 0.00287535270459725
-0.2720173540444965, 0.004993134010558083
nan, nan
nan, nan
nan, nan
nan, nan
nan, nan
nan, nan
nan, nan
nan, nan
nan, nan
nan, nan
nan, nan
nan, nan
nan, nan
-0.2722895287710895, 0.0
-0.2722895287710895, 0.0
-0.2639260949346597, 0.031293103992872426
-0.262450194845878, 0.03372753744462896
-0.2598222982074675, 0.037531333991865944
-0.2590562473843335, 0.03853589707654138
-0.26192547081102546, 0.034536545831759184
nan, nan
nan, nan
nan, nan
nan, nan
nan, nan
nan, nan
nan, nan
nan, nan
nan, nan
nan, nan
nan, nan
nan, nan
nan, nan
nan, nan
nan, nan
-0.2722895287710895, 0.0
-0.2722895287710895, 0.0
-0.2618352364755523, 0.034672964993
-0.2557827514623467, 0.04240667873100688
-0.2533136704867531, 0.04494960323663041
nan, nan
nan, nan
nan, nan
nan, nan
nan, nan
nan, nan
nan, nan
nan, nan
nan, nan
nan, nan
nan, nan
nan, nan
nan, nan
nan, nan
-0.2722895287710895, 0.0
-0.2722895287710894, 5.551115123125783e-17
-0.26880476467257713, 0.020616142432080493
-0.26532655703319735, 0.029360085137667732
-0.26516126496374165, 0.029456096202672512
-0.2661029116536676, 0.027446338389382582
nan, nan
nan, nan
nan, nan
nan, nan
nan, nan
nan, nan
nan, nan
nan, nan
nan, nan
nan, nan
nan, nan
-0.2722895287710895, 0.0
-0.2722895287710895, 0.0
-0.2639260949346597, 0.031293103992872426
-0.2668351153995049, 0.025583466438672084
-0.26654365819644305, 0.02622619105199161
-0.26625175568061876, 0.026851313422827136
-0.2669511667478364, 0.02532207445203644
-0.2656149624687392, 0.02815643034058245
-0.2672956810641742, 0.024526459352503648
nan, nan
nan, nan
nan, nan
nan, nan
nan, nan
nan, nan
nan, nan
nan, nan
nan, nan
nan, nan
nan, nan
nan, nan
nan, nan
-0.2722895287710895, 0.0
-0.2722895287710895, 0.0
-0.2722895287710895, 0.0
-0.2694383581450339, 0.018696376102655173
-0.26720351754778615, 0.02937638676827275
-0.2670981613974851, 0.028002600476746204
-0.26659049433949183, 0.029532809683245592
nan, nan
nan, nan
nan, nan
nan, nan
nan, nan
nan, nan
nan, nan
nan, nan
nan, nan
nan, nan
nan, nan
nan, nan
nan, nan
nan, nan
nan, nan
nan, nan
nan, nan
nan, nan
-0.14683802122464354, 0.0
-0.14683802122464354, 0.0
nan, nan
nan, nan
nan, nan
nan, nan
nan, nan
nan, nan
nan, nan
nan, nan
nan, nan
nan, nan
nan, nan
nan, nan
nan, nan
-0.2722895287710897, 0.0
-0.27228952877108964, 1.0629576194313574e-16
-0.27228952877108964, 1.0327966364565716e-16
-0.2722895287710897, 1.2316818592266835e-16
-0.27125273945252404, 0.011357457943176549
-0.2701862649881238, 0.01585712078768251
-0.2702909730559085, 0.015348344197242935
nan, nan
nan, nan
nan, nan
nan, nan
nan, nan
nan, nan
nan, nan
nan, nan
nan, nan
nan, nan
nan, nan
nan, nan
nan, nan
nan, nan
nan, nan
nan, nan
-0.2722895287710897, 0.0
-0.21852459696546994, 0.062082395701872906
-0.2038614337457554, 0.062466018687471016
-0.196435128859285, 0.06133643971561208
nan, nan
nan, nan
nan, nan
nan, nan
nan, nan
nan, nan
nan, nan
nan, nan
nan, nan
nan, nan
nan, nan
nan, nan
nan, nan
nan, nan
nan, nan
-0.2722895287710895, 0.0
-0.27075933766333593, 0.003060382215506996
-0.27045329944178526, 0.0032675940396093145
-0.27001639179134906, 0.007007421821611414
-0.27033967014056937, 0.005795206988636738
nan, nan
nan, nan
nan, nan
nan, nan
nan, nan
nan, nan
nan, nan
nan, nan
nan, nan
nan, nan
nan, nan
nan, nan
-0.2722895287710895, 0.0
-0.2722895287710894, 5.551115123125783e-17
-0.27228952877108953, 5.551115123125783e-17
-0.2722895287710894, 5.551115123125783e-17
-0.27152969688747064, 0.013740147330939043
-0.2708562435738082, 0.018351306119189382
-0.27061498405946477, 0.018488049352370594
-0.27131659861433727, 0.014346744697651709
nan, nan
nan, nan
nan, nan
nan, nan
nan, nan
nan, nan
nan, nan
nan, nan
nan, nan
nan, nan
nan, nan
nan, nan
nan, nan
nan, nan
nan, nan
nan, nan
nan, nan
nan, nan
nan, nan
nan, nan
nan, nan
nan, nan
nan, nan
nan, nan
nan, nan
nan, nan
nan, nan
nan, nan
nan, nan
nan, nan
nan, nan
nan, nan
nan, nan
nan, nan
nan, nan
nan, nan
nan, nan
nan, nan
nan, nan
nan, nan
nan, nan
nan, nan
nan, nan
nan, nan
nan, nan
nan, nan
nan, nan
nan, nan
nan, nan
nan, nan
nan, nan
nan, nan
nan, nan
nan, nan
nan, nan
nan, nan
nan, nan
nan, nan
nan, nan
nan, nan
nan, nan
nan, nan
nan, nan
nan, nan
nan, nan
nan, nan
nan, nan
nan, nan
nan, nan
nan, nan
nan, nan
nan, nan
nan, nan
nan, nan
nan, nan
nan, nan
nan, nan
nan, nan
nan, nan
nan, nan
nan, nan
nan, nan
nan, nan
nan, nan
nan, nan
nan, nan
nan, nan
nan, nan
nan, nan
nan, nan
nan, nan
nan, nan
nan, nan
nan, nan
nan, nan
nan, nan
nan, nan
nan, nan
nan, nan
nan, nan
nan, nan
nan, nan
nan, nan
nan, nan
nan, nan
nan, nan
nan, nan
nan, nan
nan, nan
nan, nan
nan, nan
nan, nan
nan, nan
nan, nan
nan, nan
nan, nan
nan, nan
nan, nan
nan, nan
nan, nan
nan, nan
nan, nan
nan, nan
nan, nan
nan, nan
nan, nan
nan, nan
nan, nan
0.36675608095416884, 0.0
0.36675608095416884, 0.0
nan, nan
nan, nan
0.4656437779921997, 0.00016259409645441592
0.4657250750404269, 0.00014081061803490152
0.46569797602435115, 0.00015329518424508944
0.4656618440029168, 0.00016158731218321402
0.46565653047035316, 0.0001620932278128171
0.4656480567842117, 0.00016253778680893347
0.4656406228674302, 0.00016256348110666447
0.4654350608403853, 0.005746708409342086
nan, nan
0.3520819637490597, 0.0
0.3520819637490597, 0.0
0.3993985881276497, 0.09831280003459862
0.42395160161876505, 0.09959270657384883
0.42722794834817784, 0.09697331458204386
0.4302983109355475, 0.0905390261425033
0.4365521613173585, 0.08691323361129508
0.4373159172850483, 0.08842859333227476
0.43675397236066693, 0.08577062227563187
nan, nan
nan, nan
0.4658063720886541, 0.0
0.4658063720886541, 0.0
0.4657768095256623, 9.348503252601131e-05
0.4657792730725784, 8.987726851102546e-05
0.4657833789841051, 8.335708284772463e-05
0.4657835154105583, 8.31281788102266e-05
0.4657813576122765, 8.665268802147785e-05
0.4657879335828706, 7.520642180122982e-05
nan, nan
nan, nan
nan, nan
0.48211916837050545, 0.1335446408482904
0.48964600944935915, 0.12039873067425592
0.47907321382708434, 0.11897424378755372
0.48129690294832467, 0.11620619724636612
0.47988537231822315, 0.11225303883573658
0.4754558323954302, 0.1107703334758175
0.4759189876353143, 0.11392655296704637
nan, nan
nan, nan
0.4658063720886541, 0.0
0.4658063720886541, 0.0
0.4657657235645405, 0.00010754588596640835
0.46577927307257844, 8.987726851102547e-05
0.46578604782659727, 7.871552846994942e-05
0.46578746579836866, 7.609635050488567e-05
0.46578735252244974, 7.630985824456785e-05
0.46578092257790465, 8.733958331491992e-05
nan, nan
nan, nan
0.5822088068181805, 0.0
0.5270921626487223, 0.06161167983542858
0.5136760158212537, 0.07404024280979633
0.5122813584014851, 0.0790581724021635
0.5116031497217662, 0.08141885621307479
0.5080441428319108, 0.08704206702449138
0.5038225870528611, 0.09122268028402605
0.5107704403284172, 0.09439383650816913
nan, nan
nan, nan
0.4656437779921997, 0.00016259409645441592
0.46561125917290874, 0.0001593090286008762
0.4656618440029168, 0.00016158731218321402
0.4656574907473225, 0.00016201481583106472
0.46565116863294764, 0.00016242604049586067
0.46564193556617756, 0.00016258365744496224
0.46564780574687065, 0.0001625442013550111
0.465647246122237, 0.00016255710466132298
0.5822088068181805, 0.0
0.5822088068181805, 0.0
0.5849641266993231, 0.03973034396035362
0.5883157615160954, 0.036711806782983
0.5858588673795708, 0.039274435879900114
0.5862735143961897, 0.040346065728609604
0.5875109398229494, 0.03993704024506425
0.5872042866264295, 0.03850322757142001
0.5884463930041256, 0.04072115271798947
0.587570990735538, 0.042871961562679084
nan, nan
nan, nan
nan, nan
nan, nan
0.4658063720886541, 0.0
0.4658063720886541, 0.0
0.465806372088654, 1.1102230246251565e-16
0.46579880957254, 4.9010705963394724e-05
0.46579136340282756, 6.823039477854055e-05
0.46578588779303776, 7.900408032234904e-05
nan, nan
nan, nan
0.27137431912096105, 0.0
0.3252576109488369, 0.07430705872880201
0.34276381613721085, 0.07589737185670345
0.351650823170392, 0.08419299279150977
0.35077098550663294, 0.08715071682581566
0.35252955829431604, 0.0900409124196642
0.3512048816901786, 0.09574955214637484
0.35535551813496596, 0.09980322213989955
nan, nan
nan, nan
nan, nan
0.4654811838957453, 0.0
0.4654811838957453, 0.0
0.4654811838957452, 5.551115123125783e-17
0.4655336336042789, 0.00011960373744743478
0.46555523665254644, 0.00013637181297544625
0.4655614251381514, 0.00014019574755291486
0.46535247672040464, 0.005772098348947448
nan, nan
0.3520819637490599, 0.0
0.37497353113129334, 0.0386237599247376
0.3880891425020611, 0.04975521578209651
0.39518677488048964, 0.061726916681594496
0.39376351373579727, 0.061960132354720275
0.39303647096792094, 0.06411520803162682
0.3979276414323623, 0.06680220180268949
0.398880776799758, 0.06807605455420575
0.40066266105239434, 0.07156957316963242
nan, nan
nan, nan
nan, nan
nan, nan
0.4656437779921997, 0.00016259409645441592
0.4656205502641348, 0.00016092642061131602
0.4657014726715867, 0.00015201369731788426
0.4657041700851685, 0.00015096236388145812
0.46565710742400535, 0.0009308932114706472
0.4654355642709139, 0.006329148943741379
nan, nan
nan, nan
0.3657287263766013, 0.09435440725564048
0.42130935770251027, 0.09571456605672377
0.4379295203821906, 0.09486935957544582
0.4423674584471234, 0.10000655115483538
0.4429452739583861, 0.1002819822497178
0.4469941229275524, 0.09819435426762696
0.4468805953542097, 0.10089869765771145
0.4373767482318853, 0.10303265369337253
nan, nan
nan, nan
0.4654811838957453, 0.0
0.4654811838957453, 0.0
0.4654811838957453, 0.0
0.4654941914234616, 6.372361144035049e-05
0.4655052719100348, 8.516399124727191e-05
0.46549987287234923, 7.568458682355762e-05
0.46549608835458683, 6.800449355475858e-05
0.46549318346005925, 6.130356507765946e-05
nan, nan
nan, nan
nan, nan
0.46714538528362015, 0.11506342153456042
0.4901580695905322, 0.11273866832737714
0.46538187084093474, 0.11168836421833678
0.47151003673680114, 0.11437986461889478
0.47267418011327833, 0.11154542844761438
0.47986123021634297, 0.108221554668052
0.47490512931797163, 0.10417531104127953
nan, nan
nan, nan
nan, nan
0.4654811838957453, 0.0
0.4654811838957453, 0.0
0.46562571198148256, 0.00016158731218321402
0.46567629681149053, 0.0001593090286008762
0.46568886711138463, 0.0001562171934614221
0.4656955738955023, 0.00015412340705710505
0.465245154555351, 0.008797422897564897
nan, nan
nan, nan
0.4957783604633469, 0.14938407271049334
0.537830529078022, 0.12751387991336513
0.5282821485804794, 0.1154834363610755
0.5240444306575227, 0.11806628334253538
0.5231177549548836, 0.1129955877970896
0.5202080231909436, 0.11138730040092046
0.5208252958435123, 0.10354799458177437
0.5218489631441567, 0.10161883065778073
nan, nan
nan, nan
nan, nan
nan, nan
0.4658063720886541, 0.0
0.46577024006721973, 0.00010219678949672628
0.4657846928757935, 8.111618693926668e-05
0.4657786964977684, 9.074049292887338e-05
0.4657766091015067, 9.376959316401793e-05
0.46577573249761367, 9.499920369546089e-05
nan, nan
nan, nan
0.5705797075774756, 0.08586715778308464
0.5610694424809234, 0.0866711295432995
0.5545405834020778, 0.07917171457752895
0.5513568326751602, 0.07779924415017359
0.5504474580608859, 0.08019493157741303
0.5517218688283813, 0.07746942315519796
0.5458017597861714, 0.08085747280808583
0.5468834767344679, 0.07718685495609051
nan, nan
nan, nan
nan, nan
0.4656437779921997, 0.00016259409645441592
0.4656205502641348, 0.00016092642061131602
0.46562751858255425, 0.00016177908331984587
0.4656171716855069, 0.00016040244588537411
0.4656211383078834, 0.0001610102012168172
0.4652041473992521, 0.008259511649818403
0.4649156218160344, 0.010737168400568698
nan, nan
nan, nan
0.4600831336322414, 0.0
0.5211459702252109, 0.06106283659296957
0.5252840879143726, 0.05957059632441071
0.5158071253745624, 0.06891560238890218
0.5104720769043813, 0.07603989428710811
0.5087807980631494, 0.0764263581264416
0.506903364347185, 0.0768181998787654
0.5058234592571724, 0.07160232940280449
nan, nan
nan, nan
nan, nan
nan, nan
nan, nan
0.4654811838957453, 0.0
0.4654811838957453, 0.0
0.4654811838957452, 5.551115123125783e-17
0.4654904749869712, 5.417590598923062e-05
0.46548938191741535, 5.0977370400834316e-05
nan, nan
nan, nan
0.5014643105238585, 0.04138117689161713
0.4574419589085318, 0.062313005764511785
0.4468635936427983, 0.08756449236277328
0.46705456729741485, 0.10769322521093846
0.45975790481470236, 0.10333801766745544
0.45974570796379827, 0.10379494029525074
0.4557971182445992, 0.10148303925737326
0.4535536528881442, 0.10022396963168718
nan, nan
nan, nan
nan, nan
0.4654811838957453, 0.0
0.4654811838957453, 0.0
0.4654811838957452, 5.551115123125783e-17
0.4654811838957453, 0.0
0.46530993399247517, 0.0016691375887418162
0.4654262006492103, 0.0009491579979409865
0.4654346735291701, 0.0008306881384522305
nan, nan
nan, nan
nan, nan
nan, nan
nan, nan
nan, nan
nan, nan
0.39023466848234317, 0.07630540946656647
0.375927404207362, 0.06308910535546522
0.37074824033700504, 0.05822460631367671
nan, nan
nan, nan
nan, nan
nan, nan
nan, nan
nan, nan
nan, nan
0.4654811838957453, 0.0
0.4654811838957453, 0.0
0.46529330011535286, 0.001023638852418845
nan, nan
nan, nan
0.3520819637490599, 0.0
0.35321074199560676, 0.003910202546995418
0.3537882564473285, 0.0047039243476538345
0.3547696416616166, 0.010392347312106668
0.35478049457074595, 0.01307539504410925
0.35395008961410507, 0.01224296148013208
0.3537993491288959, 0.018473894710109365
0.353383056195081, 0.014066205500891736
nan, nan
nan, nan
nan, nan
nan, nan
0.46558957996004824, 0.00015329518424508944
0.4656205502641348, 0.000160926420611316
0.4655846528662162, 0.00015146306374582598
0.460861000912272, 0.03849346088955789
0.4606641263978214, 0.039258586331518096
0.4612928373968114, 0.036677812535098366
nan, nan
nan, nan
0.3520819637490599, 0.0
0.3584407478712736, 0.03424310047111174
0.35837087112267796, 0.034060883350981154
0.3571410392156022, 0.03282598377937769
0.3574360126193318, 0.03471609964304341
0.35658432309041865, 0.03479815062277132
0.3601010566548325, 0.04136030049353344
0.36028498042933915, 0.04172635888991102
nan, nan
nan, nan
0.4654811838957453, 0.0
0.4654811838957453, 0.0
0.4655173159171796, 0.00010219678949672629
0.4655202064788943, 0.00010567365471702067
0.4655276393518753, 0.00011379216328634013
0.4655346780573494, 0.00012055722465897211
0.46553199455088723, 0.0001180732927049241
0.4655294350116507, 0.00011559637970542603
nan, nan
nan, nan
nan, nan
0.48767058489331977, 0.03901454772472349
0.50921163033976, 0.06373384473077966
0.5097114574246568, 0.06488041298107151
0.5042078363621474, 0.0551991203491872
0.5030847132622582, 0.0605914288179579
0.5024191208743296, 0.06317191133410077
0.5043691262777913, 0.06343100053788535
nan, nan
nan, nan
nan, nan
nan, nan
nan, nan
0.4658063720886541, 0.0
0.4658063720886541, 0.0
0.4658063720886541, 0.0
0.4658002364623728, 4.4244630328613915e-05
0.46579538600105597, 5.875246252288575e-05
nan, nan
nan, nan
0.5574586011099076, 0.08609484512497383
0.5245926824430001, 0.07178688406514068
0.5215606320099874, 0.07165555738376375
0.5191698508053342, 0.07628406846959213
0.5179735082025305, 0.07616162889511557
0.5169731597497941, 0.07818546304565142
0.5120595859556772, 0.07800636787884925
0.5107493436671876, 0.07416866077038388
nan, nan
nan, nan
nan, nan
0.4658063720886541, 0.0
0.4658063720886541, 0.0
0.46578604782659727, 7.871552846994941e-05
0.46578182958352893, 8.5898767938182e-05
0.4657773744154012, 9.267597266616944e-05
0.4657760515112267, 9.455451531279056e-05
0.4657723733230978, 9.94991511171089e-05
nan, nan
nan, nan
0.4600831336322414, 0.0
0.5158042948636594, 0.08600554675716045
0.5006087118199403, 0.07489718218544271
0.5044111038429224, 0.07953738477152658
0.5031369686319033, 0.08003656039229065
0.5055003965521445, 0.08160668121152244
0.5096600062776072, 0.08171897707871591
0.5105659310121321, 0.08184458333964806
nan, nan
nan, nan
0.4658063720886541, 0.0
0.4658063720886541, 0.0
0.46580637208865416, 5.551115123125783e-17
0.4658063720886541, 0.0
0.46580637208865405, 5.551115123125783e-17
0.46580390854173814, 2.819658323884555e-05
0.4658021378673922, 3.686448332497969e-05
0.46580064550412487, 4.277176526897101e-05
nan, nan
nan, nan
nan, nan
nan, nan
0.6694471822820046, 0.0
0.5175879543293029, 0.16586923222428027
0.5013447991006655, 0.1418634089361876
0.4747042193763618, 0.14968111831575895
0.46559744803131714, 0.1464924831158688
0.46101287813494873, 0.14468010087622568