nan, nan
nan, nan
nan, nan
nan, nan
nan, nan
nan, nan
nan, nan
nan, nan
nan, nan
nan, nan
nan, nan
nan, nan
nan, nan
nan, nan
nan, nan
nan, nan
nan, nan
nan, nan
nan, nan
nan, nan
nan, nan
nan, nan
nan, nan
nan, nan
nan, nan
nan, nan
nan, nan
nan, nan
nan, nan
nan, nan
nan, nan
nan, nan
nan, nan
nan, nan
nan, nan
nan, nan
nan, nan
nan, nan
nan, nan
nan, nan
nan, nan
nan, nan
nan, nan
nan, nan
nan, nan
nan, nan
nan, nan
nan, nan
nan, nan
nan, nan
nan, nan
nan, nan
nan, nan
nan, nan
nan, nan
nan, nan
nan, nan
nan, nan
nan, nan
nan, nan
nan, nan
nan, nan
nan, nan
nan, nan
nan, nan
nan, nan
nan, nan
nan, nan
nan, nan
nan, nan
nan, nan
nan, nan
nan, nan
nan, nan
nan, nan
nan, nan
nan, nan
nan, nan
nan, nan
nan, nan
nan, nan
nan, nan
nan, nan
nan, nan
nan, nan
nan, nan
nan, nan
nan, nan
nan, nan
nan, nan
nan, nan
nan, nan
nan, nan
nan, nan
nan, nan
nan, nan
nan, nan
nan, nan
nan, nan
nan, nan
nan, nan
nan, nan
nan, nan
nan, nan
nan, nan
nan, nan
nan, nan
nan, nan
nan, nan
nan, nan
nan, nan
nan, nan
nan, nan
nan, nan
nan, nan
nan, nan
nan, nan
nan, nan
nan, nan
nan, nan
nan, nan
nan, nan
nan, nan
nan, nan
nan, nan
nan, nan
nan, nan
nan, nan
nan, nan
nan, nan
nan, nan
nan, nan
nan, nan
nan, nan
nan, nan
nan, nan
nan, nan
nan, nan
nan, nan
nan, nan
nan, nan
nan, nan
nan, nan
nan, nan
nan, nan
nan, nan
nan, nan
nan, nan
nan, nan
nan, nan
nan, nan
nan, nan
nan, nan
nan, nan
nan, nan
nan, nan
nan, nan
nan, nan
nan, nan
nan, nan
nan, nan
nan, nan
nan, nan
nan, nan
nan, nan
nan, nan
nan, nan
nan, nan
nan, nan
nan, nan
nan, nan
nan, nan
nan, nan
nan, nan
nan, nan
nan, nan
nan, nan
nan, nan
nan, nan
nan, nan
nan, nan
nan, nan
nan, nan
nan, nan
nan, nan
nan, nan
nan, nan
nan, nan
nan, nan
nan, nan
nan, nan
nan, nan
nan, nan
nan, nan
nan, nan
nan, nan
nan, nan
nan, nan
nan, nan
nan, nan
nan, nan
nan, nan
nan, nan
nan, nan
nan, nan
nan, nan
nan, nan
nan, nan
nan, nan
nan, nan
nan, nan
nan, nan
nan, nan
nan, nan
nan, nan
nan, nan
nan, nan
nan, nan
nan, nan
nan, nan
nan, nan
nan, nan
nan, nan
nan, nan
nan, nan
nan, nan
nan, nan
nan, nan
nan, nan
nan, nan
nan, nan
nan, nan
nan, nan
nan, nan
nan, nan
nan, nan
nan, nan
nan, nan
nan, nan
nan, nan
nan, nan
nan, nan
nan, nan
nan, nan
nan, nan
nan, nan
nan, nan
nan, nan
nan, nan
nan, nan
nan, nan
nan, nan
nan, nan
nan, nan
nan, nan
nan, nan
nan, nan
nan, nan
nan, nan
nan, nan
nan, nan
nan, nan
nan, nan
nan, nan
nan, nan
nan, nan
nan, nan
nan, nan
nan, nan
nan, nan
nan, nan
nan, nan
nan, nan
nan, nan
nan, nan
nan, nan
nan, nan
nan, nan
nan, nan
nan, nan
nan, nan
nan, nan
nan, nan
nan, nan
nan, nan
nan, nan
nan, nan
nan, nan
nan, nan
nan, nan
nan, nan
nan, nan
nan, nan
nan, nan
nan, nan
nan, nan
nan, nan
nan, nan
nan, nan
nan, nan
nan, nan
nan, nan
nan, nan
nan, nan
nan, nan
nan, nan
nan, nan
nan, nan
nan, nan
nan, nan
nan, nan
nan, nan
nan, nan
nan, nan
nan, nan
nan, nan
nan, nan
nan, nan
nan, nan
nan, nan
nan, nan
nan, nan
nan, nan
nan, nan
nan, nan
nan, nan
nan, nan
nan, nan
nan, nan
nan, nan
nan, nan
nan, nan
nan, nan
nan, nan
nan, nan
nan, nan
nan, nan
nan, nan
nan, nan
nan, nan
nan, nan
nan, nan
nan, nan
nan, nan
nan, nan
nan, nan
nan, nan
nan, nan
nan, nan
nan, nan
nan, nan
nan, nan
nan, nan
nan, nan
nan, nan
nan, nan
nan, nan
nan, nan
nan, nan
nan, nan
nan, nan
nan, nan
nan, nan
nan, nan
nan, nan
nan, nan
nan, nan
nan, nan
nan, nan
nan, nan
nan, nan
nan, nan
nan, nan
nan, nan
nan, nan
nan, nan
nan, nan
nan, nan
nan, nan
nan, nan
nan, nan
nan, nan
nan, nan
nan, nan
nan, nan
nan, nan
nan, nan
nan, nan
nan, nan
-0.01652901504658694, 0.0
nan, nan
nan, nan
nan, nan
nan, nan
nan, nan
nan, nan
nan, nan
nan, nan
nan, nan
nan, nan
nan, nan
nan, nan
nan, nan
nan, nan
nan, nan
nan, nan
nan, nan
nan, nan
-0.01652901504658694, 0.0
-0.01652901504658694, 0.0
nan, nan
nan, nan
nan, nan
nan, nan
nan, nan
nan, nan
nan, nan
nan, nan
nan, nan
nan, nan
nan, nan
nan, nan
nan, nan
nan, nan
nan, nan
nan, nan
nan, nan
0.3179270413623778, 0.0
0.3179270413623778, 0.0
0.3179270413623778, 0.0
nan, nan
nan, nan
nan, nan
nan, nan
nan, nan
nan, nan
nan, nan
nan, nan
nan, nan
nan, nan
nan, nan
nan, nan
nan, nan
nan, nan
nan, nan
nan, nan
0.3179270413623778, 0.0
0.3179270413623778, 0.0
0.25467925663160934, 0.11752335174651933
0.18997074134277075, 0.14991264070858792
nan, nan
nan, nan
nan, nan
nan, nan
nan, nan
nan, nan
nan, nan
nan, nan
nan, nan
nan, nan
nan, nan
nan, nan
nan, nan
nan, nan
0.3179270413623778, 0.0
0.3179270413623778, 0.0
0.3179270413623778, 0.0
0.3179270413623778, 0.0
0.3179270413623778, 0.0
0.31792704136237776, 5.551115123125783e-17
nan, nan
nan, nan
nan, nan
nan, nan
nan, nan
nan, nan
nan, nan
nan, nan
nan, nan
nan, nan
nan, nan
nan, nan
nan, nan
nan, nan
0.3179270413623778, 0.0
0.3179270413623778, 0.0
0.3179270413623778, 0.0
0.3024566913025676, 0.06188140023924085
0.29401831854267113, 0.0756060200559164
0.29338075260081226, 0.07650525645218186
nan, nan
nan, nan
nan, nan
nan, nan
nan, nan
nan, nan
nan, nan
nan, nan
nan, nan
nan, nan
nan, nan
nan, nan
0.2064416892260562, 0.15766409699712627
0.18414461879879193, 0.16384933591709422
0.18929009658969906, 0.16271429469078225
0.17899914100788478, 0.16481600705281452
0.17440822054823102, 0.16610813590557477
0.16891412820568977, 0.16668730776312
0.1590212698905022, 0.16743063430510632
0.1828504250951206, 0.16453419417781556
nan, nan
nan, nan
nan, nan
nan, nan
nan, nan
nan, nan
nan, nan
nan, nan
nan, nan
nan, nan
nan, nan
nan, nan
nan, nan
0.3179270413623778, 0.0
0.28448143572148127, 0.10033681692268943
0.28272114068775, 0.1026419566242284
0.2773145202270035, 0.1092415982434887
0.28296976992980233, 0.10232135808396105
0.2907285818831227, 0.09141626386910591
0.300520406456335, 0.07428838083626155
nan, nan
nan, nan
nan, nan
nan, nan
nan, nan
nan, nan
nan, nan
nan, nan
nan, nan
0.4117683531746049, 0.0
nan, nan
nan, nan
nan, nan
0.3179270413623778, 0.0
0.3179270413623777, 1.1102230246251565e-16
0.3179270413623778, 0.0
0.3178258255963962, 0.0010469840243801044
0.31785914507215407, 0.0008588276871307364
0.31796649932786897, 0.0031754693850006527
0.31820225292736526, 0.005236543759133337
nan, nan
nan, nan
nan, nan
nan, nan
nan, nan
nan, nan
nan, nan
nan, nan
nan, nan
nan, nan
nan, nan
nan, nan
nan, nan
0.3179270413623778, 0.0
0.31792704136237776, 5.551115123125783e-17
0.31792704136237776, 5.551115123125783e-17
0.31792704136237776, 5.551115123125783e-17
0.3182874987086073, 0.0055491703103114085
0.31819100704977044, 0.004751382373068145
0.3179270413623777, 1.1102230246251565e-16
nan, nan
nan, nan
nan, nan
nan, nan
nan, nan
nan, nan
nan, nan
nan, nan
nan, nan
nan, nan
nan, nan
nan, nan
0.3179270413623778, 0.0
0.31792704136237776, 5.551115123125783e-17
0.3179270413623778, 0.0
0.31792704136237776, 5.551115123125783e-17
0.3179270413623777, 1.1102230246251565e-16
0.31804787072632507, 0.0032173299879049233
0.3179270413623777, 1.1102230246251565e-16
0.31792704136237776, 5.551115123125783e-17
nan, nan
nan, nan
nan, nan
nan, nan
nan, nan
nan, nan
nan, nan
nan, nan
nan, nan
nan, nan
nan, nan
0.3179270413623778, 0.0
0.3179270413623778, 0.0
0.31792704136237776, 5.551115123125783e-17
0.31792704136237776, 5.551115123125783e-17
0.31792704136237776, 5.551115123125783e-17
0.31792704136237776, 5.551115123125783e-17
0.31792704136237776, 5.551115123125783e-17
0.31792704136237776, 5.551115123125783e-17
0.31792704136237776, 5.551115123125783e-17
nan, nan
nan, nan
nan, nan
nan, nan
nan, nan
nan, nan
nan, nan
nan, nan
nan, nan
nan, nan
0.3179270413623778, 0.0
0.3179270413623778, 0.0
0.31792704136237787, 5.551115123125783e-17
0.3179270413623778, 0.0
0.3179270413623778, 0.0
0.3177888585965733, 0.0019246632153395974
0.31782516748966744, 0.0016536862899143654
0.31742139256115426, 0.00891805466450651
0.31763201611421865, 0.002804033529335846
0.31769785609467055, 0.0024744732119955206
nan, nan
nan, nan
nan, nan
nan, nan
nan, nan
nan, nan
nan, nan
nan, nan
nan, nan
nan, nan
nan, nan
nan, nan
0.3179270413623778, 0.0
0.3179270413623778, 0.0
0.3179270413623777, 1.1102230246251565e-16
0.3179270413623778, 0.0
0.31792704136237787, 5.551115123125783e-17
0.31792704136237776, 5.551115123125783e-17
0.3179270413623777, 1.1102230246251565e-16
0.3179270413623777, 1.1102230246251565e-16
nan, nan
nan, nan
nan, nan
nan, nan
nan, nan
nan, nan
nan, nan
nan, nan
nan, nan
nan, nan
0.3179270413623778, 0.0
0.3179270413623778, 0.0
0.3179270413623778, 0.0
0.3179270413623778, 0.0
0.31792704136237787, 5.551115123125783e-17
0.31792704136237776, 5.551115123125783e-17
0.31783985141368165, 0.0024906431132056834
0.31792704136237776, 5.551115123125783e-17
0.31784059210499344, 0.0024800542708168847
0.317838441625954, 0.002510673291244946
nan, nan
nan, nan
nan, nan
nan, nan
nan, nan
nan, nan
nan, nan
nan, nan
nan, nan
nan, nan
nan, nan
nan, nan
nan, nan
nan, nan
nan, nan
nan, nan
0.3179270413623778, 0.0
0.31792704136237776, 5.551115123125783e-17
0.3179270413623778, 0.0
0.31792704136237787, 5.551115123125783e-17
nan, nan
nan, nan
nan, nan
nan, nan
nan, nan
nan, nan
nan, nan
nan, nan
nan, nan
nan, nan
nan, nan
0.3179270413623778, 0.0
0.3179270413623778, 0.0
0.3179270413623778, 0.0
0.31792704136237776, 5.551115123125783e-17
0.31792704136237776, 5.551115123125783e-17
0.3179270413623777, 1.1102230246251565e-16
0.3179270413623778, 0.0
0.31792704136237776, 5.551115123125783e-17
0.31771942916855345, 0.00419539362270335
nan, nan
nan, nan
nan, nan
nan, nan
nan, nan
nan, nan
nan, nan
nan, nan
nan, nan
nan, nan
0.3179270413623778, 0.0
0.3179270413623778, 0.0
0.3179270413623778, 0.0
0.3179270413623777, 1.1102230246251565e-16
0.3179270413623778, 0.0
0.31792704136237776, 5.551115123125783e-17
0.31792704136237776, 5.551115123125783e-17
0.3179270413623778, 0.0
0.31792704136237776, 5.551115123125783e-17
0.3179270413623778, 0.0
nan, nan
nan, nan
nan, nan
nan, nan
nan, nan
nan, nan
nan, nan
nan, nan
nan, nan
nan, nan
nan, nan
nan, nan
nan, nan
nan, nan
0.3179270413623778, 0.0
0.3157009729847309, 0.012394224182285437
0.3148957993162202, 0.014378443507690545
0.31549860313221745, 0.012926349577572728
0.31578081761807536, 0.012176954853857332
0.3154916845047811, 0.012944099251147794
nan, nan
nan, nan
nan, nan
nan, nan
nan, nan
nan, nan
nan, nan
nan, nan
nan, nan
nan, nan
nan, nan
0.3179270413623778, 0.0
0.3179270413623778, 0.0
0.3179270413623777, 1.1102230246251565e-16
0.32253810831654556, 0.02567333426203828
0.32128054460177247, 0.021990391333378455
0.3219675657726671, 0.025403825480795453
0.3214708800753029, 0.02411511038965569
0.31987867544524917, 0.01849350393837144
0.321096963203112, 0.022691741330198658
nan, nan
nan, nan
nan, nan
nan, nan
nan, nan
nan, nan
nan, nan
nan, nan
nan, nan
nan, nan
nan, nan
nan, nan
0.23045141746931777, 0.08747562389306004
0.26544166702654176, 0.08017273359068706
0.26713474361802036, 0.07941233127259274
0.28810580594428914, 0.0657872044174031
0.2913344516988875, 0.0628111528192337
0.29458347458460277, 0.05949003299412359
0.29247958713894207, 0.061680555630736544
0.29211456218081905, 0.062045478157304434
nan, nan
nan, nan
nan, nan
nan, nan
nan, nan
nan, nan
nan, nan
nan, nan
nan, nan
nan, nan
nan, nan
nan, nan
nan, nan
0.3179270413623778, 0.0
0.3179270413623778, 0.0
0.3020223824727305, 0.050294947499330014
0.3024901665577201, 0.04962260981909659
0.2999413990666083, 0.053133108633772776
0.3010150874097195, 0.05169867754616299
0.30329475518390225, 0.04843379941816543
nan, nan
nan, nan
nan, nan
nan, nan
nan, nan
nan, nan
nan, nan
nan, nan
nan, nan
nan, nan
nan, nan
nan, nan
nan, nan
0.3179270413623778, 0.0
0.31792704136237776, 5.551115123125783e-17
0.3029312201235675, 0.04897614707876793
0.30233732621311954, 0.04984376490151896
0.3037765727914416, 0.047701219821578024
0.3056456954912991, 0.04469681563862307
0.30930112649049574, 0.03787754166726843
nan, nan
nan, nan
nan, nan
nan, nan
nan, nan
nan, nan
nan, nan
nan, nan
nan, nan
nan, nan
nan, nan
nan, nan
nan, nan
0.3179270413623778, 0.0
0.3179270413623777, 1.1102230246251565e-16
0.31792704136237776, 5.551115123125783e-17
0.3148029119376256, 0.023169163913337898
0.3132771743115839, 0.02814034077593764
0.31410992322886244, 0.025558544355270392
0.3166099679787934, 0.015122465063150963
nan, nan
nan, nan
nan, nan
nan, nan
nan, nan
nan, nan
nan, nan
nan, nan
nan, nan
nan, nan
0.3179270413623778, 0.0
0.3179270413623778, 0.0
0.3179270413623777, 1.1102230246251565e-16
0.3179270413623778, 0.0
0.31792704136237776, 5.551115123125783e-17
0.31792704136237776, 5.551115123125783e-17
0.31792704136237776, 5.551115123125783e-17
0.3179270413623777, 1.1102230246251565e-16
0.3179270413623777, 1.1102230246251565e-16
0.31792704136237776, 5.551115123125783e-17
nan, nan
nan, nan
nan, nan
nan, nan
nan, nan
nan, nan
nan, nan
nan, nan
nan, nan
nan, nan
0.3179270413623778, 0.0
0.3179270413623778, 0.0
0.3179270413623778, 0.0
0.3179270413623778, 0.0
0.3179270413623778, 0.0
0.3179270413623777, 1.1102230246251565e-16
0.31792704136237776, 5.551115123125783e-17
0.3179270413623777, 1.1102230246251565e-16
0.31792704136237776, 5.551115123125783e-17
0.31792704136237776, 5.551115123125783e-17
nan, nan
nan, nan
nan, nan
nan, nan
nan, nan
nan, nan
nan, nan
nan, nan
nan, nan
nan, nan
nan, nan
nan, nan
0.3179270413623778, 0.0
0.3179270413623778, 0.0
0.3179270413623778, 0.0
0.3179270413623778, 0.0
0.31792704136237776, 5.551115123125783e-17
0.31792704136237776, 5.551115123125783e-17
0.3179270413623777, 1.1102230246251565e-16
0.31792704136237776, 5.551115123125783e-17
nan, nan
nan, nan
nan, nan
nan, nan
nan, nan
nan, nan
nan, nan
nan, nan
nan, nan
nan, nan
0.3179270413623778, 0.0
0.31792704136237787, 5.551115123125783e-17
0.31792704136237776, 5.551115123125783e-17
0.3179270413623778, 0.0
0.3179270413623778, 0.0
0.317749399995583, 0.0035528273358954032
0.3178395300748044, 0.0024952228944688367
0.3175769962120844, 0.004981229814703675
0.31766769359022473, 0.004290357410983131
0.317401327797177, 0.00609691760068598
nan, nan
nan, nan
nan, nan
nan, nan
nan, nan
nan, nan
nan, nan
nan, nan
nan, nan
nan, nan
nan, nan
nan, nan
nan, nan
nan, nan
nan, nan
0.3179270413623778, 0.0
0.3179270413623778, 0.0
0.3179270413623778, 0.0
0.3179270413623777, 1.1102230246251565e-16
0.3163080825422709, 0.010616222936227387
nan, nan
nan, nan
nan, nan
nan, nan
nan, nan
nan, nan
nan, nan
nan, nan
nan, nan
nan, nan
nan, nan
nan, nan
nan, nan
nan, nan
nan, nan
nan, nan
0.3179270413623778, 0.0
0.3179270413623778, 0.0
0.3179270413623778, 0.0
0.3179270413623778, 0.0
nan, nan
nan, nan
nan, nan
nan, nan
nan, nan
nan, nan
nan, nan
nan, nan
nan, nan
nan, nan
nan, nan
nan, nan
nan, nan
nan, nan
nan, nan
nan, nan
nan, nan
nan, nan
nan, nan
nan, nan
nan, nan
nan, nan
nan, nan
nan, nan
nan, nan
nan, nan
nan, nan
nan, nan
nan, nan
nan, nan
nan, nan
nan, nan
nan, nan
nan, nan
nan, nan
nan, nan
nan, nan
0.3179270413623778, 0.0
0.3179270413623778, 0.0
0.3179270413623778, 0.0
nan, nan
nan, nan
nan, nan
nan, nan
nan, nan
nan, nan
nan, nan
nan, nan
nan, nan
nan, nan
nan, nan
nan, nan
nan, nan
nan, nan
0.3179270413623778, 0.0
0.3179270413623778, 0.0
0.31792704136237776, 5.551115123125783e-17
0.3179270413623778, 0.0
0.3179270413623778, 0.0
0.31792704136237776, 5.551115123125783e-17
nan, nan
nan, nan
nan, nan
nan, nan
nan, nan
nan, nan
nan, nan
nan, nan
nan, nan
nan, nan
nan, nan
nan, nan
nan, nan
nan, nan
nan, nan
0.3179270413623778, 0.0
0.3179270413623778, 0.0
0.307635791492606, 0.04116499947908708
0.3062636248433031, 0.04364050857361697
0.30015855525909996, 0.0528478922629504
nan, nan
nan, nan
nan, nan
nan, nan
nan, nan
nan, nan
nan, nan
nan, nan
nan, nan
nan, nan
nan, nan
nan, nan
nan, nan
nan, nan
nan, nan
nan, nan
0.14297579357625773, 0.0
0.14297579357625773, 0.0
0.14297579357625773, 0.0
0.15755506422510104, 0.04835397045925468
nan, nan
nan, nan
nan, nan
nan, nan
nan, nan
nan, nan
nan, nan
nan, nan
nan, nan
nan, nan
nan, nan
nan, nan
nan, nan
nan, nan
nan, nan
nan, nan
nan, nan
nan, nan
nan, nan
nan, nan
nan, nan
nan, nan
nan, nan
nan, nan
nan, nan
nan, nan
nan, nan
nan, nan
nan, nan
nan, nan
nan, nan
nan, nan
nan, nan
nan, nan
nan, nan
nan, nan
nan, nan
0.3179270413623782, 0.0
0.3179270413623782, 0.0
0.31792704136237826, 5.551115123125783e-17
nan, nan
nan, nan
nan, nan
nan, nan
nan, nan
nan, nan
nan, nan
nan, nan
nan, nan
nan, nan
nan, nan
0.14297579357625773, 0.0
0.14297579357625773, 0.0
0.14297579357625773, 0.0
0.14297579357625773, 0.0
0.1429757935762577, 2.7755575615628914e-17
0.14297579357625773, 0.0
0.14662061123846856, 0.024987610973558748
0.14714129947592733, 0.02667225178734352
0.14810632870195037, 0.02951730223740795
nan, nan
nan, nan
nan, nan
nan, nan
nan, nan
nan, nan
nan, nan
nan, nan
nan, nan
nan, nan
nan, nan
nan, nan
nan, nan
0.14297579357625773, 0.0
0.14297579357625773, 0.0
0.14297579357625773, 0.0
0.1429757935762577, 2.7755575615628914e-17
0.14297579357625773, 0.0
0.14297579357625767, 5.551115123125783e-17
0.14297579357625773, 0.0
nan, nan
nan, nan
nan, nan
nan, nan
nan, nan
nan, nan
nan, nan
nan, nan
nan, nan
nan, nan
nan, nan
nan, nan
nan, nan
nan, nan
nan, nan
0.3179270413623778, 0.0
0.25960995876700443, 0.08247280912440899
0.27755367648865775, 0.07371134221241055
0.28293679180515374, 0.06998049911444804
0.2919441827802807, 0.06221434392397724
nan, nan
nan, nan
nan, nan
nan, nan
nan, nan
nan, nan
nan, nan
nan, nan
nan, nan
nan, nan
nan, nan
nan, nan
nan, nan
nan, nan
nan, nan
0.14297579357625773, 0.0
0.17796604313348174, 0.06998049911444804
0.1698913701587377, 0.06312262229359934
0.18463085257295303, 0.07451483481869983
0.18114697491141113, 0.07225688008441956
nan, nan
nan, nan
nan, nan
nan, nan
nan, nan
nan, nan
nan, nan
nan, nan
nan, nan
nan, nan
nan, nan
nan, nan
nan, nan
nan, nan
nan, nan
nan, nan
0.18671360552278776, 0.07575611250328301
0.19068977024519962, 0.07791659762531268
0.19376809132061523, 0.0794123312725928
0.19296186437229204, 0.07903491749894724
nan, nan
nan, nan
nan, nan
nan, nan
nan, nan
nan, nan
nan, nan
nan, nan
nan, nan
nan, nan
nan, nan
nan, nan
nan, nan
0.14297579357625773, 0.0
0.14297579357625773, 0.0
0.1429757935762577, 2.7755575615628914e-17
0.14297579357625773, 0.0
0.14297579357625764, 8.326672684688674e-17
0.14297579357625773, 0.0
0.1432630698452004, 0.007083559419964901
nan, nan
nan, nan
nan, nan
nan, nan
nan, nan
nan, nan
nan, nan
nan, nan
nan, nan
nan, nan
nan, nan
nan, nan
nan, nan
0.14297579357625773, 0.0
0.23045141746931774, 0.08747562389306004
0.25960995876700443, 0.08247280912440899
0.24919619401783064, 0.08544365469492991
0.2549445921593746, 0.08397659893733765
0.2546280974397615, 0.08406826345944611
0.25960995876700443, 0.08247280912440898
nan, nan
nan, nan
nan, nan
nan, nan
nan, nan
0.3554011093073601, 0.0
0.3554011093073601, 0.0
0.3554011093073601, 0.0
0.3554011093073601, 0.0
0.3554011093073601, 0.0
nan, nan
nan, nan
0.23045141746931777, 0.08747562389306004
0.2304514174693178, 0.0874756238930601
0.2450306881181612, 0.08625212833795978
0.24794654224792986, 0.08570825738784393
0.2553024469843917, 0.08387139624163313
0.2552755810065376, 0.08387935192976562
0.25998864112152, 0.08233794504601084
0.26147670276813684, 0.08178885283219829
nan, nan
nan, nan
nan, nan
nan, nan
nan, nan
nan, nan
nan, nan
nan, nan
nan, nan
nan, nan
0.3179270413623778, 0.0
0.3179270413623778, 0.0
0.3179270413623778, 0.0
0.3179270413623778, 0.0
0.3179270413623778, 0.0
0.3179270413623778, 0.0
0.31792704136237776, 6.014789236795845e-17
0.3179270413623777, 1.1487914036877907e-16
0.31792704136237776, 6.340714541333734e-17
0.3179270413623777, 1.1871084016728854e-16
nan, nan
nan, nan
nan, nan
nan, nan
nan, nan
nan, nan
nan, nan
nan, nan
nan, nan
nan, nan
nan, nan
nan, nan
0.3179270413623778, 0.0
0.3179270413623778, 0.0
0.31144736551844737, 0.033039993569956766
0.3014610415707429, 0.05108442091728542
0.30334777071353447, 0.048353970459254686
0.30307027361480093, 0.04876972941899217
0.3070062393782254, 0.04232427220845644
0.3078421323421252, 0.04077575292935629
nan, nan
nan, nan
nan, nan
nan, nan
nan, nan
nan, nan
nan, nan
nan, nan
nan, nan
nan, nan
nan, nan
nan, nan
0.3179270413623778, 0.0
0.31792704136237787, 1.4510973109558773e-16
0.3179270413623778, 1.2287917140018454e-16
0.3146872034404126, 0.023586376095364806
0.3107861741058015, 0.034616638364188886
0.3104916133314677, 0.03529237625647745
0.30973686591335264, 0.03695676447564612
0.30715742937554374, 0.04204964343394614
nan, nan
nan, nan
nan, nan
nan, nan
nan, nan
nan, nan
nan, nan
nan, nan
nan, nan
nan, nan
nan, nan
0.3179270413623778, 0.0
0.3179270413623777, 1.1102230246251565e-16
0.31792704136237776, 5.551115123125783e-17
0.31792704136237787, 5.551115123125783e-17
0.31792704136237776, 5.551115123125783e-17
0.31792704136237776, 5.551115123125783e-17
0.31791380733970703, 0.0003801183614882567
0.3178861001536661, 0.0006677309067471314
0.31789964461369097, 0.0005465634197097465
nan, nan
nan, nan
nan, nan
nan, nan
nan, nan
nan, nan
nan, nan
nan, nan
nan, nan
nan, nan
nan, nan
0.3179270413623778, 0.0
0.3179270413623778, 0.0
0.3179270413623778, 0.0
0.31792704136237776, 5.551115123125783e-17
0.3179270413623778, 0.0
0.3169157624734406, 0.013262798290259063
0.3172635094491561, 0.01075385798512252
0.31789461580361494, 0.0009341712876635703
0.31792704136237776, 5.551115123125783e-17
nan, nan
nan, nan
nan, nan
nan, nan
nan, nan
nan, nan
nan, nan
nan, nan
nan, nan
nan, nan
nan, nan
nan, nan
nan, nan
nan, nan
0.3179270413623779, 1.5895974606912447e-16
0.31792704136237787, 1.3877787807814457e-16
0.3179270413623778, 1.2287917140018454e-16
0.31792704136237776, 1.4627368708389445e-16
0.315965704503789, 0.018419866678837795
0.3168225511617078, 0.013856840916001527
nan, nan
nan, nan
nan, nan
nan, nan
nan, nan
nan, nan
nan, nan
nan, nan
nan, nan
nan, nan
nan, nan
nan, nan
0.3179270413623778, 0.0
0.3179270413623778, 0.0
0.31792704136237776, 5.551115123125783e-17
0.31449662473912054, 0.024256708566002642
0.31539151603214416, 0.020908477505964664
0.31527626488076993, 0.0213712432278507
0.3153093169566004, 0.021239624998721757
0.3140392358560195, 0.025788784244935834
nan, nan
nan, nan
nan, nan
nan, nan
nan, nan
nan, nan
nan, nan
nan, nan
nan, nan
nan, nan
nan, nan
0.36345357271696627, 0.0
0.3331025518139073, 0.021461412696487644
0.31472940355218154, 0.05530463785756656
0.31560148659132603, 0.0471854490225434
0.30989423640820235, 0.05712192848820936
0.31125699505951004, 0.05511817971415161
0.3124745663410426, 0.052632510073226065
0.3135426804028479, 0.048606845900093586
0.3117435672328919, 0.05101410664875242
nan, nan
nan, nan
nan, nan
nan, nan
nan, nan
nan, nan
nan, nan
nan, nan
nan, nan
nan, nan
nan, nan
nan, nan
0.3179270413623778, 0.0
0.3179270413623778, 0.0
0.3179270413623778, 0.0
0.31792704136237787, 1.802656115237308e-16
0.31144736551844754, 0.033039993569956794
0.30834067162067275, 0.03981518382760218
0.31056067303454127, 0.03513533759999784
0.3064719001382868, 0.04327667951977263
nan, nan
nan, nan
nan, nan
nan, nan
nan, nan
nan, nan
nan, nan
nan, nan
nan, nan
nan, nan
nan, nan
nan, nan
nan, nan
0.3179270413623782, 0.0
0.28876850006469146, 0.0652004804663625
0.30543052366336954, 0.045056835328518785
0.30820752759648257, 0.04007458188643236
0.3092660885016791, 0.03795039401035008
0.3078215541256348, 0.04081478566969318
0.30829885188690037, 0.039896888726820894
nan, nan
nan, nan
nan, nan
nan, nan
nan, nan
nan, nan
nan, nan
nan, nan
nan, nan
nan, nan
nan, nan
nan, nan
nan, nan
0.24794654224793003, 0.08570825738784406
0.24989044500110916, 0.08528838715850122
0.25544445286733514, 0.08382918917103749
0.26708650781769355, 0.07943459530108077
0.27365584146528066, 0.07606157060340797
0.2801114921514652, 0.07201292771470752
0.2820171481997702, 0.07066088160867101
nan, nan
nan, nan
nan, nan
nan, nan
nan, nan
nan, nan
nan, nan
nan, nan
nan, nan
nan, nan
nan, nan
nan, nan
nan, nan
nan, nan
nan, nan
nan, nan
nan, nan
nan, nan
0.3179270413623778, 0.0
0.3179270413623778, 0.0
nan, nan
nan, nan
nan, nan
nan, nan
nan, nan
nan, nan
nan, nan
nan, nan
nan, nan
nan, nan
nan, nan
nan, nan
nan, nan
nan, nan
0.3179270413623782, 0.0
0.31792704136237815, 5.551115123125783e-17
0.31792704136237815, 5.551115123125783e-17
0.31792704136237815, 5.551115123125783e-17
0.31792704136237826, 5.551115123125783e-17
0.31792704136237815, 5.551115123125783e-17
nan, nan
nan, nan
nan, nan
nan, nan
nan, nan
nan, nan
nan, nan
nan, nan
nan, nan
nan, nan
nan, nan
nan, nan
nan, nan
nan, nan
0.3179270413623782, 0.0
0.31792704136237826, 5.551115123125783e-17
0.31546293928088354, 0.020616157128859888
0.3154157794324339, 0.020809660537374243
0.3155787024659202, 0.020132812138084176
0.31659661362255975, 0.01519835370030649
nan, nan
nan, nan
nan, nan
nan, nan
nan, nan
nan, nan
nan, nan
nan, nan
nan, nan
nan, nan
nan, nan
0.3179270413623782, 0.0
0.3179270413623782, 0.0
0.3179270413623782, 0.0
0.31792704136237815, 5.551115123125783e-17
0.3179270413623783, 1.1102230246251565e-16
0.31792704136237815, 5.551115123125783e-17
0.3177110521675805, 0.006143364534675127
0.3172660164966875, 0.01073360010421328
0.3177134256752156, 0.006109558032621842
nan, nan
nan, nan
nan, nan
nan, nan
nan, nan
nan, nan
nan, nan
nan, nan
nan, nan
nan, nan
nan, nan
nan, nan
0.3179270413623782, 0.0
0.3179270413623782, 0.0
0.31792704136237826, 5.551115123125783e-17
0.3179270413623782, 0.0
0.31792704136237815, 5.551115123125783e-17
0.31792704136237815, 5.551115123125783e-17
0.3179270413623782, 0.0
0.31783877099300434, 0.0025060080678589646
nan, nan
nan, nan
nan, nan
nan, nan
nan, nan
nan, nan
nan, nan
nan, nan
nan, nan
nan, nan
nan, nan
nan, nan
nan, nan
0.3179270413623782, 0.0
0.3179270413623782, 0.0
0.3179270413623781, 1.1102230246251565e-16
0.3179270413623783, 1.1102230246251565e-16
0.31792704136237815, 5.551115123125783e-17
0.31792704136237815, 5.551115123125783e-17
0.3179270413623782, 0.0
nan, nan
nan, nan
nan, nan
nan, nan
nan, nan
nan, nan
nan, nan
nan, nan
nan, nan
nan, nan
nan, nan
0.3179270413623782, 0.0
0.3179270413623782, 0.0
0.3179270413623782, 0.0
0.31792704136237815, 5.551115123125783e-17
0.31792704136237815, 5.551115123125783e-17
0.31792704136237826, 5.551115123125783e-17
0.31792704136237815, 5.551115123125783e-17
0.31792704136237815, 5.551115123125783e-17
0.31792704136237815, 5.551115123125783e-17
nan, nan
nan, nan
nan, nan
nan, nan
nan, nan
nan, nan
nan, nan
nan, nan
nan, nan
nan, nan
nan, nan
0.3179270413623782, 0.0
0.3179270413623782, 0.0
0.31792704136237815, 5.551115123125783e-17
0.31792704136237815, 5.551115123125783e-17
0.31792704136237815, 5.551115123125783e-17
0.31792704136237815, 5.551115123125783e-17
0.3179270413623782, 0.0
0.3179270413623782, 0.0
0.31792704136237815, 5.551115123125783e-17
nan, nan
nan, nan
nan, nan
nan, nan
nan, nan
nan, nan
nan, nan
nan, nan
nan, nan
nan, nan
nan, nan
nan, nan
nan, nan
nan, nan
nan, nan
0.3179270413623782, 0.0
0.3179270413623782, 0.0
0.3179270413623782, 0.0
0.31792704136237826, 5.551115123125783e-17
0.3179270413623782, 0.0
nan, nan
nan, nan
nan, nan
nan, nan
nan, nan
nan, nan
nan, nan
nan, nan
nan, nan
nan, nan
nan, nan
nan, nan
nan, nan
0.3179270413623782, 0.0
0.3179270413623782, 0.0
0.3179270413623782, 0.0
0.31792704136237826, 5.551115123125783e-17
0.3179270413623782, 0.0
0.31792704136237815, 5.551115123125783e-17
0.3179270413623782, 0.0
nan, nan
nan, nan
nan, nan
nan, nan
nan, nan
nan, nan
nan, nan
nan, nan
nan, nan
nan, nan
nan, nan
0.3179270413623782, 0.0
0.31792704136237815, 5.551115123125783e-17
0.31792704136237815, 5.551115123125783e-17
0.31792704136237815, 5.551115123125783e-17
0.3179270413623782, 0.0
0.31792704136237815, 5.551115123125783e-17
0.31792704136237815, 5.551115123125783e-17
0.31792704136237815, 5.551115123125783e-17
0.31792704136237815, 5.551115123125783e-17
nan, nan
nan, nan
nan, nan
nan, nan
nan, nan
nan, nan
nan, nan
nan, nan
nan, nan
nan, nan
nan, nan
nan, nan
0.3179270413623782, 0.0
0.3179270413623782, 0.0
0.31792704136237826, 5.551115123125783e-17
0.3179270413623782, 0.0
0.31792704136237815, 5.551115123125783e-17
0.31792704136237815, 5.551115123125783e-17
0.31792704136237815, 5.551115123125783e-17
0.31792704136237815, 5.551115123125783e-17
nan, nan
nan, nan
nan, nan
nan, nan
nan, nan
nan, nan
nan, nan
nan, nan
nan, nan
nan, nan
nan, nan
0.3179270413623782, 0.0
0.3179270413623782, 0.0
0.31792704136237815, 5.551115123125783e-17
0.31792704136237815, 5.551115123125783e-17
0.3179270413623782, 0.0
0.3179270413623782, 0.0
0.31792704136237815, 5.551115123125783e-17
0.3179270413623782, 0.0
0.3179270413623782, 1.3644821135595411e-17
nan, nan
nan, nan
nan, nan
nan, nan
nan, nan
nan, nan
nan, nan
nan, nan
nan, nan
nan, nan
nan, nan
nan, nan
0.3179270413623782, 0.0
0.3179270413623782, 0.0
0.31792704136237815, 1.0666677794707567e-16
0.3179270413623781, 1.349399577644788e-16
0.31792704136237826, 1.4552903769412111e-16
0.31792704136237815, 1.1472193018260256e-16
0.3179270413623781, 1.3629038179604015e-16
0.3179270413623782, 1.1476124367432168e-16
nan, nan
nan, nan
nan, nan
nan, nan
nan, nan
nan, nan
nan, nan
nan, nan
nan, nan
nan, nan
nan, nan
0.3179270413623782, 0.0
0.31792704136237826, 5.551115123125783e-17
0.31792704136237815, 5.551115123125783e-17
0.31792704136237815, 5.551115123125783e-17
0.3179270413623782, 0.0
0.31792704136237815, 5.551115123125783e-17
0.3179270413623782, 0.0
0.3179270413623781, 1.1102230246251565e-16
0.3179270413623781, 1.1102230246251565e-16
nan, nan
nan, nan
nan, nan
nan, nan
nan, nan
nan, nan
nan, nan
nan, nan
nan, nan
nan, nan
nan, nan
nan, nan
0.3179270413623782, 0.0
0.3179270413623782, 0.0
0.3179270413623782, 0.0
0.31792704136237815, 9.910722837601153e-17
0.3179270413623782, 6.068569720187003e-17
0.3179270413623781, 1.1978388074229732e-16
0.3179270413623782, 7.139192537636013e-17
0.31792704136237815, 7.885262014759738e-17
nan, nan
nan, nan
nan, nan
nan, nan
nan, nan
nan, nan
nan, nan
nan, nan
nan, nan
nan, nan
nan, nan
0.3179270413623782, 0.0
0.31792704136237815, 5.551115123125783e-17
0.3179270413623782, 0.0
0.31792704136237815, 5.551115123125783e-17
0.31792704136237815, 5.551115123125783e-17
0.3179270413623782, 0.0
0.3179270413623782, 0.0
0.31792704136237815, 5.551115123125783e-17
0.3179270413623782, 0.0
nan, nan
nan, nan
nan, nan
nan, nan
nan, nan
nan, nan
nan, nan
nan, nan
nan, nan
nan, nan
nan, nan
nan, nan
0.3179270413623782, 0.0
0.3179270413623782, 0.0
0.3179270413623782, 0.0
0.31792704136237815, 5.551115123125783e-17
0.3179270413623782, 0.0
0.3179270413623782, 0.0
0.3179270413623782, 0.0
0.3179270413623782, 0.0
nan, nan
nan, nan
nan, nan
nan, nan
nan, nan
nan, nan
nan, nan
nan, nan
nan, nan
nan, nan
nan, nan
nan, nan
nan, nan
nan, nan
nan, nan
nan, nan
nan, nan
nan, nan
0.3179270413623782, 0.0
0.3179270413623782, 0.0
nan, nan
nan, nan
nan, nan
nan, nan
nan, nan
nan, nan
nan, nan
nan, nan
nan, nan
nan, nan
nan, nan
nan, nan
nan, nan
nan, nan
nan, nan
nan, nan
nan, nan
nan, nan
0.3179270413623782, 0.0
0.3179270413623782, 0.0
nan, nan
nan, nan
nan, nan
nan, nan
nan, nan
nan, nan
nan, nan
nan, nan
nan, nan
nan, nan
nan, nan
nan, nan
nan, nan
nan, nan
nan, nan
nan, nan
nan, nan
nan, nan
nan, nan
nan, nan
nan, nan
nan, nan
nan, nan
nan, nan
nan, nan
nan, nan
nan, nan
nan, nan
nan, nan
nan, nan
nan, nan
nan, nan
nan, nan
nan, nan
nan, nan
nan, nan
nan, nan
nan, nan
nan, nan
nan, nan
nan, nan
nan, nan
nan, nan
nan, nan
nan, nan
nan, nan
nan, nan
nan, nan
nan, nan
nan, nan
nan, nan
nan, nan
nan, nan
nan, nan
nan, nan
nan, nan
nan, nan
nan, nan
nan, nan
nan, nan
nan, nan
nan, nan
nan, nan
nan, nan
nan, nan
nan, nan
nan, nan
nan, nan
nan, nan
nan, nan
nan, nan
nan, nan
nan, nan
nan, nan
nan, nan
nan, nan
0.3179270413623782, 0.0
0.3179270413623782, 0.0
0.3179270413623782, 0.0
0.31792704136237826, 5.551115123125783e-17
nan, nan
nan, nan
nan, nan
nan, nan
nan, nan
nan, nan
nan, nan
nan, nan
nan, nan
nan, nan
nan, nan
nan, nan
nan, nan
nan, nan
nan, nan
nan, nan
nan, nan
nan, nan
nan, nan
nan, nan
nan, nan
nan, nan
nan, nan
nan, nan
nan, nan
nan, nan
nan, nan
nan, nan
nan, nan
nan, nan
nan, nan
nan, nan
nan, nan
nan, nan
nan, nan
nan, nan
nan, nan
nan, nan
nan, nan
nan, nan
nan, nan
nan, nan
nan, nan
nan, nan
nan, nan
nan, nan
nan, nan
nan, nan
nan, nan
nan, nan
nan, nan
nan, nan
nan, nan
nan, nan
nan, nan
nan, nan
nan, nan
nan, nan
nan, nan
nan, nan
nan, nan
nan, nan
nan, nan
nan, nan
nan, nan
nan, nan
nan, nan
nan, nan
nan, nan
nan, nan
nan, nan
nan, nan
nan, nan
nan, nan
nan, nan
nan, nan
nan, nan
nan, nan
nan, nan
nan, nan
nan, nan
nan, nan
nan, nan
nan, nan
nan, nan
nan, nan
nan, nan
nan, nan
nan, nan
nan, nan
nan, nan
nan, nan
nan, nan
nan, nan
0.3179270413623782, 0.0
0.23045141746931797, 0.08747562389306024
0.2077725520155616, 0.08448463669336898
0.2139705028227993, 0.08590904625180226
0.2187278802465367, 0.08668646636278463
0.22289594131732618, 0.0871487209062578
nan, nan
nan, nan
nan, nan
nan, nan
nan, nan
nan, nan
nan, nan
nan, nan
nan, nan
nan, nan
nan, nan
nan, nan
nan, nan
0.23045141746931797, 0.08747562389306024
0.21795489977030935, 0.0865784142894665
0.21663947685462423, 0.08637832524387296
0.22850751471613873, 0.08745402230638856
0.22452086669690707, 0.087274356732181
0.22810307857285997, 0.08744409688428094
0.2306804112491427, 0.08747532416246842
nan, nan
nan, nan
nan, nan
nan, nan
nan, nan
nan, nan
nan, nan
nan, nan
nan, nan
nan, nan
nan, nan
nan, nan
nan, nan
nan, nan
nan, nan
0.3179270413623778, 0.0
0.3179270413623778, 0.0
0.3179270413623778, 0.0
0.3179270413623778, 0.0
0.31559435805856284, 0.020066500524415685
nan, nan
nan, nan
nan, nan
nan, nan
nan, nan
nan, nan
nan, nan
nan, nan
nan, nan
nan, nan
nan, nan
nan, nan
nan, nan
nan, nan
nan, nan
nan, nan
nan, nan
nan, nan
nan, nan
0.14297579357625773, 0.0
nan, nan
nan, nan
nan, nan
nan, nan
nan, nan
nan, nan
nan, nan
nan, nan
nan, nan
nan, nan
nan, nan
nan, nan
nan, nan
nan, nan
nan, nan
nan, nan
nan, nan
nan, nan
nan, nan
nan, nan
nan, nan
nan, nan
nan, nan
nan, nan
nan, nan
nan, nan
nan, nan
nan, nan
nan, nan
nan, nan
nan, nan
nan, nan
nan, nan
nan, nan
nan, nan
0.3179270413623778, 0.0
0.3179270413623778, 0.0
0.3179270413623778, 0.0
0.31792704136237776, 5.551115123125783e-17
0.28752194532519915, 0.09614935595364421
nan, nan
nan, nan
nan, nan
nan, nan
nan, nan
nan, nan
nan, nan
nan, nan
nan, nan
nan, nan
nan, nan
nan, nan
nan, nan
0.3179270413623778, 0.0
0.3179270413623778, 0.0
0.31792704136237776, 5.551115123125783e-17
0.3179270413623778, 0.0
0.31792704136237776, 5.551115123125783e-17
0.31522981510101505, 0.029913686317688364
0.31492294504732715, 0.03155493007335658
nan, nan
nan, nan
nan, nan
nan, nan
nan, nan
nan, nan
nan, nan
nan, nan
nan, nan
nan, nan
nan, nan
nan, nan
nan, nan
nan, nan
nan, nan
nan, nan
nan, nan
nan, nan
nan, nan
nan, nan
nan, nan
nan, nan
nan, nan
nan, nan
nan, nan
nan, nan
nan, nan
nan, nan
nan, nan
nan, nan
nan, nan
nan, nan
nan, nan
0.3179270413623778, 0.0
0.3179270413623778, 0.0
0.2984880138305867, 0.05498187274960599
0.2903031601329904, 0.06379462105539621
0.2849173719687702, 0.06845030734732803
0.28454818487686806, 0.06874245072394132
0.28436325281827796, 0.06888758077321845
nan, nan
nan, nan
nan, nan
nan, nan
nan, nan
nan, nan
nan, nan
nan, nan
nan, nan
nan, nan
nan, nan
0.23045141746931777, 0.08747562389306004
0.21795489977030916, 0.0865784142894663
0.21501454266466014, 0.0861027738911205
0.21370076608554026, 0.08585686025996556
0.2132027028988552, 0.08575818690449799
0.21668621777040983, 0.0863857861730116
0.21923072225790433, 0.08675298712120903
0.22778718526952915, 0.08743504241587412
0.2356490841228877, 0.08732106868813772
nan, nan
nan, nan
nan, nan
nan, nan
nan, nan
nan, nan
nan, nan
nan, nan
nan, nan
nan, nan
nan, nan
nan, nan
nan, nan
nan, nan
nan, nan
nan, nan
nan, nan
nan, nan
0.23045141746931797, 0.08747562389306024
0.206594429134847, 0.08415954421863897
nan, nan
nan, nan
nan, nan
nan, nan
nan, nan
nan, nan
nan, nan
nan, nan
nan, nan
nan, nan
nan, nan
nan, nan
nan, nan
nan, nan
nan, nan
nan, nan
0.3179270413623778, 0.0
0.25960995876700443, 0.08247280912440899
0.2984880138305867, 0.05498187274960599
0.29101146477989775, 0.06312262229359934
nan, nan
nan, nan
nan, nan
nan, nan
nan, nan
nan, nan
nan, nan
nan, nan
nan, nan
nan, nan
nan, nan
nan, nan
0.14297579357625773, 0.0
0.14297579357625773, 0.0
0.1648446995495228, 0.05785968665031429
0.16484469954952277, 0.05785968665031429
0.17401553108669837, 0.06683543598786645
0.17156259877006824, 0.06468455617600719
0.17351591164366031, 0.06641033768816895
0.173139801815244, 0.06608603094905789
nan, nan
nan, nan
nan, nan
nan, nan
nan, nan
nan, nan
nan, nan
nan, nan
nan, nan
nan, nan
nan, nan
nan, nan
nan, nan
nan, nan
nan, nan
nan, nan
0.1457805417401161, 0.0
0.1443781676581869, 0.0014023740819291836
0.14409769284180104, 0.0013740403716922046
0.14379384512404975, 0.0012748412613993352
nan, nan
nan, nan
nan, nan
nan, nan
nan, nan
nan, nan
nan, nan
nan, nan
nan, nan
nan, nan
nan, nan
nan, nan
nan, nan
nan, nan
0.2053407916979712, 0.0
0.24286954158610685, 0.053073667070709235
0.24756063532212383, 0.05450558374527484
0.2516998356774329, 0.05540965566564401
0.25429133503032203, 0.055812206552796916
0.255041028036313, 0.05590572175262164
nan, nan
nan, nan
nan, nan
nan, nan
nan, nan
nan, nan
nan, nan
nan, nan
nan, nan
nan, nan
nan, nan
nan, nan
nan, nan
nan, nan
0.14297579357625773, 0.0
0.14297579357625773, 0.0
0.16075139317125559, 0.05239855561422107
0.16293802971530635, 0.05293118525886046
0.16704536548002125, 0.05711525768414331
0.17074813404872005, 0.061040039755301055
nan, nan
nan, nan
nan, nan
nan, nan
nan, nan
nan, nan
nan, nan
nan, nan
nan, nan
nan, nan
nan, nan
nan, nan
nan, nan
nan, nan
0.14297579357625773, 0.0
0.14297579357625773, 0.0
0.14297579357625773, 0.0
0.1554723112752663, 0.04505683532851879
0.1618894419855681, 0.05432531908093874
0.16344881193420793, 0.05623731525407826
nan, nan
nan, nan
nan, nan
nan, nan
nan, nan
nan, nan
nan, nan
nan, nan
nan, nan
nan, nan
nan, nan
nan, nan
0.14297579357625773, 0.0
0.14297579357625773, 0.0
0.14297579357625773, 0.0
0.14297579357625773, 0.0
0.1517233559655638, 0.03812974045730216
0.15697189339914736, 0.04746308373779929
0.15849566233147813, 0.04974287967160083
0.16031330461812546, 0.05227456265865378
nan, nan
nan, nan
nan, nan
nan, nan
nan, nan
nan, nan
nan, nan
nan, nan
nan, nan
nan, nan
nan, nan
nan, nan
nan, nan
nan, nan
0.3179270413623782, 0.0
0.3179270413623782, 0.0
0.3179270413623782, 0.0
0.31792704136237826, 5.551115123125783e-17
0.3062636248433035, 0.04364050857361706
0.3024250320648738, 0.04971703508386753
nan, nan
nan, nan
nan, nan
nan, nan
nan, nan
nan, nan
nan, nan
nan, nan
nan, nan
nan, nan
nan, nan
nan, nan
nan, nan
nan, nan
nan, nan
nan, nan
nan, nan
nan, nan
nan, nan
nan, nan
nan, nan
nan, nan
nan, nan
nan, nan
nan, nan
nan, nan
nan, nan
nan, nan
nan, nan
nan, nan
nan, nan
nan, nan
nan, nan
nan, nan
nan, nan
nan, nan
nan, nan
nan, nan
nan, nan
nan, nan
nan, nan
nan, nan
nan, nan
nan, nan
nan, nan
nan, nan
nan, nan
nan, nan
nan, nan
nan, nan
nan, nan
nan, nan
nan, nan
nan, nan
nan, nan
nan, nan
nan, nan
nan, nan
nan, nan
nan, nan
nan, nan
nan, nan
nan, nan
nan, nan
nan, nan
nan, nan
nan, nan
nan, nan
nan, nan
nan, nan
nan, nan
nan, nan
nan, nan
nan, nan
nan, nan
nan, nan
0.3179270413623778, 0.0
0.3179270413623778, 0.0
0.31792704136237787, 5.551115123125783e-17
0.3179270413623778, 0.0
nan, nan
nan, nan
nan, nan
nan, nan
nan, nan
nan, nan
nan, nan
nan, nan
nan, nan
nan, nan
nan, nan
nan, nan
nan, nan
nan, nan
nan, nan
nan, nan
nan, nan
nan, nan
nan, nan
nan, nan
nan, nan
nan, nan
nan, nan
nan, nan
nan, nan
nan, nan
nan, nan
nan, nan
nan, nan
nan, nan
nan, nan
nan, nan
nan, nan
nan, nan
nan, nan
nan, nan
nan, nan
nan, nan
nan, nan
nan, nan
nan, nan
nan, nan
nan, nan
nan, nan
nan, nan
nan, nan
nan, nan
nan, nan
nan, nan
nan, nan
nan, nan
nan, nan
nan, nan
nan, nan
nan, nan
nan, nan
nan, nan
nan, nan
nan, nan
nan, nan
nan, nan
nan, nan
nan, nan
nan, nan
nan, nan
nan, nan
nan, nan
nan, nan
nan, nan
nan, nan
nan, nan
nan, nan
nan, nan
nan, nan
nan, nan
nan, nan
nan, nan
0.3179270413623776, 0.0
0.3179270413623776, 0.0
0.3179270413623776, 0.0
nan, nan
nan, nan
nan, nan
nan, nan
nan, nan
nan, nan
nan, nan
nan, nan
nan, nan
nan, nan
nan, nan
nan, nan
nan, nan
nan, nan
0.3179270413623776, 0.0
0.3179270413623776, 0.0
0.3179270413623776, 0.0
0.3179270413623776, 0.0
0.3179270413623776, 0.0
0.31792704136237765, 5.906739698731337e-17
nan, nan
nan, nan
nan, nan
nan, nan
nan, nan
nan, nan
nan, nan
nan, nan
nan, nan
nan, nan
nan, nan
0.3179270413623776, 0.0
0.3179270413623776, 0.0
0.3133230611574797, 0.02800491828058762
0.31471692672410034, 0.0234799643422268
0.3144511887573554, 0.02441358636164375
0.31531582870885344, 0.02121359187990179
0.31524183921217747, 0.021507420955290176
0.3159571682142756, 0.01832610012799448
0.3158881643654921, 0.019492551043703545
nan, nan
nan, nan
nan, nan
nan, nan
nan, nan
nan, nan
nan, nan
nan, nan
nan, nan
nan, nan
nan, nan
nan, nan
nan, nan
nan, nan
0.3179270413623776, 0.0
0.3179270413623776, 0.0
0.3179270413623776, 0.0
0.31664391567990774, 0.005738312499356904
0.3169978813854167, 0.004916652454466327
0.317213249591997, 0.004327132643133037
nan, nan
nan, nan
nan, nan
nan, nan
nan, nan
nan, nan
nan, nan
nan, nan
nan, nan
nan, nan
nan, nan
nan, nan
0.3179270413623776, 0.0
0.3179270413623776, 0.0
0.3179270413623776, 0.0
0.3179270413623776, 0.0
0.3179270413623776, 0.0
0.31792704136237765, 5.551115123125783e-17
0.3179270413623776, 0.0
0.3179820915816697, 0.0015821551782413351
nan, nan
nan, nan
nan, nan
nan, nan
nan, nan
nan, nan
nan, nan
nan, nan
nan, nan
nan, nan
nan, nan
nan, nan
0.3179270413623776, 0.0
0.3044692530711376, 0.04661914615586642
0.30572114035404363, 0.04456964877959702
0.30297394326099997, 0.04891286158337981
0.30472317360493456, 0.04621353715105053
0.30605156272477435, 0.04400684961269023
0.30835259496612233, 0.03979184992044753
0.31155860696552445, 0.03295291333970103
nan, nan
nan, nan
nan, nan
nan, nan
nan, nan
nan, nan
nan, nan
nan, nan
nan, nan
nan, nan
nan, nan
0.3179270413623776, 0.0
0.3179270413623776, 0.0
0.3179270413623776, 0.0
0.3179270413623776, 0.0
0.31189423971458036, 0.031922585738104324
0.30871908095258177, 0.03906606747998315
0.3088658213575189, 0.03877068529621503
0.3096617244134781, 0.03731214686959003
0.31152638595556836, 0.032845612498985904
nan, nan
nan, nan
nan, nan
nan, nan
nan, nan
nan, nan
nan, nan
nan, nan
nan, nan
nan, nan
nan, nan
nan, nan
nan, nan
nan, nan
0.3179270413623776, 0.0
0.3179270413623776, 0.0
0.3179270413623776, 0.0
0.31292843428277417, 0.02914663742240072
0.3138105414144689, 0.02651869586870728
0.31565494723528525, 0.019807657380416635
nan, nan
nan, nan
nan, nan
nan, nan
nan, nan
nan, nan
nan, nan
nan, nan
nan, nan
nan, nan
nan, nan
nan, nan
nan, nan
nan, nan
nan, nan
nan, nan
0.3179270413623776, 0.0
0.3179270413623776, 0.0
0.3179270413623776, 0.0
0.3179270413623776, 0.0
nan, nan
nan, nan
nan, nan
nan, nan
nan, nan
nan, nan
nan, nan
nan, nan
nan, nan
nan, nan
nan, nan
nan, nan
nan, nan
nan, nan
nan, nan
nan, nan
nan, nan
0.3179270413623776, 0.0
0.3179270413623776, 0.0
0.3179270413623776, 0.0
nan, nan
nan, nan
nan, nan
nan, nan
nan, nan
nan, nan
nan, nan
nan, nan
nan, nan
nan, nan
nan, nan
nan, nan
nan, nan
nan, nan
nan, nan
nan, nan
nan, nan
nan, nan
0.14297579357625773, 0.0
0.14297579357625773, 0.0
nan, nan
nan, nan
nan, nan
nan, nan
nan, nan
nan, nan
nan, nan
nan, nan
nan, nan
nan, nan
nan, nan
nan, nan
nan, nan
nan, nan
nan, nan
nan, nan
nan, nan
nan, nan
nan, nan
nan, nan
nan, nan
nan, nan
nan, nan
nan, nan
nan, nan
nan, nan
nan, nan
nan, nan
nan, nan
nan, nan
nan, nan
nan, nan
nan, nan
nan, nan
nan, nan
nan, nan
nan, nan
nan, nan
nan, nan
nan, nan
nan, nan
nan, nan
nan, nan
nan, nan
nan, nan
nan, nan
nan, nan
nan, nan
nan, nan
nan, nan
nan, nan
nan, nan
nan, nan
nan, nan
nan, nan
nan, nan
nan, nan
0.3179270413623776, 0.0
0.3179270413623776, 0.0
0.3033477707135343, 0.04835397045925461
nan, nan
nan, nan
nan, nan
nan, nan
nan, nan
nan, nan
nan, nan
nan, nan
nan, nan
nan, nan
nan, nan
nan, nan
nan, nan
nan, nan
nan, nan
nan, nan
nan, nan
0.3179270413623776, 0.0
0.3179270413623776, 0.0
0.30959602956303856, 0.03725741740934987
nan, nan
nan, nan
nan, nan
nan, nan
nan, nan
nan, nan
nan, nan
nan, nan
nan, nan
nan, nan
nan, nan
nan, nan
0.3179270413623776, 0.0
0.3179270413623776, 0.0
0.3179270413623776, 0.0
0.3179270413623776, 0.0
0.3179270413623776, 0.0
0.3179270413623776, 0.0
0.31792704136237765, 5.551115123125783e-17
0.3179270413623776, 0.0
nan, nan
nan, nan
nan, nan
nan, nan
nan, nan
nan, nan
nan, nan
nan, nan
nan, nan
nan, nan
nan, nan
nan, nan
nan, nan
nan, nan
nan, nan
nan, nan
nan, nan
nan, nan
0.14297579357625773, 0.0
0.14297579357625773, 0.0
nan, nan
nan, nan
nan, nan
nan, nan
nan, nan
nan, nan
nan, nan
nan, nan
nan, nan
nan, nan
nan, nan
nan, nan
nan, nan
0.25960995876700416, 0.08247280912440906
0.2596099587670042, 0.08247280912440906
0.27127337528607887, 0.07736635273480756
0.286117723583083, 0.06747775291997105
0.282184313320052, 0.07053858704551126
0.29068053555962126, 0.06343845923053588
0.2950974347243565, 0.058860629805545725
nan, nan
nan, nan
nan, nan
nan, nan
nan, nan
nan, nan
nan, nan
nan, nan
nan, nan
nan, nan
nan, nan
nan, nan
nan, nan
nan, nan
0.3179270413623777, 1.1102230246251565e-16
0.29293400596436053, 0.061220183848459876
0.28147886474026934, 0.07105057635579275
0.27603730597696874, 0.07465863342205041
0.27884218813356365, 0.07287192936927386
0.2779282471369228, 0.07347064325425018
nan, nan
nan, nan
nan, nan
nan, nan
nan, nan
nan, nan
nan, nan
nan, nan
nan, nan
nan, nan
nan, nan
nan, nan
nan, nan
0.3179270413623776, 0.0
0.3179270413623776, 0.0
0.3179270413623776, 0.0
0.3179270413623776, 0.0
0.3179270413623776, 0.0
0.31792704136237776, 1.6653345369377348e-16
0.3179270413623776, 0.0
nan, nan
nan, nan
nan, nan
nan, nan
nan, nan
nan, nan
nan, nan
nan, nan
nan, nan
nan, nan
nan, nan
0.3179270413623776, 0.0
0.3179270413623776, 0.0
0.3179270413623776, 0.0
0.31633111318165347, 0.014626923383762938
0.3167525487618448, 0.012567619642036431
0.3166350995017914, 0.013175273515112778
0.317063003812304, 0.010791825541501019
0.3174252390367492, 0.008235267730861882
0.3174325557170743, 0.008175230145528484
nan, nan
nan, nan
nan, nan
nan, nan
nan, nan
nan, nan
nan, nan
nan, nan
nan, nan
nan, nan
0.3179270413623776, 0.0
0.3179270413623776, 0.0
0.3179270413623776, 0.0
0.3179270413623776, 0.0
0.3179270413623776, 0.0
0.3179270413623776, 0.0
0.3179270413623776, 0.0
0.3179270413623776, 0.0
0.3179270413623776, 0.0
0.31792704136237765, 5.551115123125783e-17
nan, nan
nan, nan
nan, nan
nan, nan
nan, nan
nan, nan
nan, nan
nan, nan
nan, nan
nan, nan
nan, nan
nan, nan
0.3179270413623776, 0.0
0.3179270413623776, 0.0
0.3179270413623776, 0.0
0.3179270413623776, 0.0
0.3179270413623776, 0.0
0.31792704136237765, 5.551115123125783e-17
0.31792704136237765, 5.551115123125783e-17
0.3179270413623776, 0.0
nan, nan
nan, nan
nan, nan
nan, nan
nan, nan
nan, nan
nan, nan
nan, nan
nan, nan
nan, nan
nan, nan
nan, nan
nan, nan
nan, nan
0.3179270413623776, 0.0
0.3179270413623776, 0.0
0.3179270413623776, 0.0
0.3179270413623776, 0.0
0.3179270413623776, 0.0
0.3179270413623776, 0.0
nan, nan
nan, nan
nan, nan
nan, nan
nan, nan
nan, nan
nan, nan
nan, nan
nan, nan
nan, nan
nan, nan
nan, nan
nan, nan
0.3179270413623776, 0.0
0.3179270413623776, 0.0
0.3179270413623776, 0.0
0.3179270413623776, 0.0
0.3179270413623778, 2.220446049250313e-16
0.3179270413623776, 0.0
0.3179270413623776, 0.0
nan, nan
nan, nan
nan, nan
nan, nan
nan, nan
nan, nan
nan, nan
nan, nan
nan, nan
nan, nan
0.3179270413623776, 0.0
0.3179270413623776, 0.0
0.3004319165837656, 0.05248537433583596
0.2969328916280432, 0.0568524262381368
0.29848801383058654, 0.05498187274960592
0.30097073093509064, 0.05167542550877792
0.3023569348273875, 0.049898754360717223
0.3022739423445723, 0.04986916962054315
0.303020218431618, 0.04872787812924131
0.3074198312894864, 0.04148831716210215
nan, nan
nan, nan
nan, nan
nan, nan
nan, nan
nan, nan
nan, nan
nan, nan
nan, nan
nan, nan
nan, nan
0.14297579357625773, 0.0
0.14297579357625773, 0.0
0.21795489977030907, 0.08657841428946618
0.24390920576055766, 0.08643421029770701
0.2380110392872364, 0.0871483613928003
0.23711622690878892, 0.08722135684920071
0.23967503767572873, 0.08698798541044599
0.24112454390658414, 0.08682205449961548
0.24012263551463733, 0.08693935999879433
nan, nan
nan, nan
nan, nan
nan, nan
nan, nan
nan, nan
nan, nan
nan, nan
nan, nan
nan, nan
nan, nan
nan, nan
0.3179270413623776, 0.0
0.3179270413623776, 0.0
0.2596099587670043, 0.08247280912440888
0.2614911549797583, 0.08178336915756786
0.2636318265322025, 0.08093852747548419
0.2630260221826329, 0.08118423432693901
0.2627080537798835, 0.08131109511873495
0.26350266075384915, 0.08099135813669747
nan, nan
nan, nan
nan, nan
nan, nan
nan, nan
nan, nan
nan, nan
nan, nan
nan, nan
nan, nan
nan, nan
nan, nan
nan, nan
nan, nan
0.3179270413623776, 0.0
0.25960995876700427, 0.08247280912440888
0.2702130646934358, 0.07791659762531251
0.2683140009454182, 0.07885689283756617
0.2663020829992603, 0.07979169478423342
0.2649537551801262, 0.08038391299239792
nan, nan
nan, nan
nan, nan
nan, nan
nan, nan
nan, nan
nan, nan
nan, nan
nan, nan
nan, nan
nan, nan
nan, nan
nan, nan
nan, nan
nan, nan
nan, nan
0.23045141746931766, 0.08747562389305993
0.23045141746931763, 0.08747562389305992
0.21295629269070573, 0.08570825738784378
0.19983494910674668, 0.08194276441812155
nan, nan
nan, nan
nan, nan
nan, nan
nan, nan
nan, nan
nan, nan
nan, nan
nan, nan
nan, nan
nan, nan
nan, nan
nan, nan
nan, nan
nan, nan
nan, nan
nan, nan
nan, nan
0.14297579357625773, 0.0
0.14297579357625773, 0.0
nan, nan
nan, nan
nan, nan
nan, nan
nan, nan
nan, nan
nan, nan
nan, nan
nan, nan
nan, nan
nan, nan
0.3179270413623776, 0.0
0.3179270413623776, 0.0
0.3179270413623776, 0.0
0.3179270413623776, 0.0
0.3179270413623776, 2.6926863520719043e-17
0.3179270413623776, 3.453742940741384e-17
0.3179270413623776, 3.5218565207190984e-17
0.3179270413623776, 4.0636481949541e-17
0.3179270413623776, 3.120740860957068e-17
nan, nan
nan, nan
nan, nan
nan, nan
nan, nan
nan, nan
nan, nan
nan, nan
nan, nan
nan, nan
nan, nan
0.3179270413623776, 0.0
0.3179270413623776, 7.850462293418876e-17
0.3179270413623776, 7.021666937153402e-17
0.3179270413623776, 6.644746993351489e-17
0.3179270413623776, 6.512440143662404e-17
0.3179270413623776, 6.234914208324767e-17
0.3179270413623776, 7.04781848740164e-17
0.31803508777094514, 0.0030426144906384603
0.31789422085162017, 0.0009398364004610586
nan, nan
nan, nan
nan, nan
nan, nan
nan, nan
nan, nan
nan, nan
nan, nan
nan, nan
nan, nan
nan, nan
nan, nan
0.3179270413623776, 0.0
0.3179270413623776, 0.0
0.3179270413623776, 0.0
0.31792704136237776, 1.6653345369377348e-16
0.3179270413623776, 0.0
0.3179270413623776, 7.880068164519429e-18
0.3179270413623776, 0.0
0.3179270413623776, 0.0
nan, nan
nan, nan
nan, nan
nan, nan
nan, nan
nan, nan
nan, nan
nan, nan
nan, nan
nan, nan
nan, nan
0.3179270413623776, 0.0
0.3179270413623776, 0.0
0.3179270413623776, 0.0
0.3179270413623776, 0.0
0.3179270413623776, 0.0
0.3179270413623776, 0.0
0.3179270413623776, 0.0
0.3179270413623776, 0.0
0.3179270413623776, 0.0
nan, nan
nan, nan
nan, nan
nan, nan
nan, nan
nan, nan
nan, nan
nan, nan
nan, nan
nan, nan
0.3179270413623776, 0.0
0.3179270413623776, 0.0
0.3179270413623776, 0.0
0.3179270413623776, 0.0
0.3179270413623776, 0.0
0.3179270413623776, 0.0
0.3179270413623776, 0.0
0.3179270413623776, 0.0
0.31792704136237765, 5.551115123125783e-17
0.31792704136237765, 5.551115123125783e-17
nan, nan
nan, nan
nan, nan
nan, nan
nan, nan
nan, nan
nan, nan
nan, nan
nan, nan
nan, nan
nan, nan
0.3179270413623776, 0.0
0.3179270413623776, 0.0
0.3179270413623776, 0.0
0.3179270413623776, 0.0
0.31792704136237765, 5.551115123125783e-17
0.3179270413623776, 0.0
0.3179270413623776, 0.0
0.3179270413623776, 0.0
0.3179270413623776, 0.0
nan, nan
nan, nan
nan, nan
nan, nan
nan, nan
nan, nan
nan, nan
nan, nan
nan, nan
nan, nan
nan, nan
nan, nan
0.3179270413623776, 0.0
0.28876850006469096, 0.06520048046636226
0.3012650177636995, 0.05135580579474535
0.30748219074828087, 0.041451715809180244
0.30950692783256434, 0.03744610869885782
0.3103504125212464, 0.035610888295182164
0.3096479038581777, 0.03714702301852993
0.31126427885455243, 0.0334853133509441
nan, nan
nan, nan
nan, nan
nan, nan
nan, nan
nan, nan
nan, nan
nan, nan
nan, nan
nan, nan
nan, nan
0.3179270413623776, 0.0
0.3179270413623776, 0.0
0.30202238247273033, 0.05029494749932995
0.3069925883757451, 0.04234895431711559
0.3093928341532986, 0.037686038627138534
0.3111107589811003, 0.03385344003739815
0.3118442993035887, 0.03204970455702324
0.3102368766245262, 0.0358645407453188
0.31221255336936365, 0.03109825448179194
nan, nan
nan, nan
nan, nan
nan, nan
nan, nan
nan, nan
nan, nan
nan, nan
nan, nan
nan, nan
nan, nan
0.3179270413623776, 0.0
0.2741892294158476, 0.07575611250328292
0.2741892294158476, 0.07575611250328292
0.2876470177070876, 0.06618646454465812
0.29232441973514056, 0.06183620594840497
0.29462567429916076, 0.059444508037474864
0.29755894266178773, 0.05611207390590801
0.3005836710737908, 0.05228242323991831
0.30296838448847146, 0.048921102500077016
nan, nan
nan, nan
nan, nan
nan, nan
nan, nan
nan, nan
nan, nan
nan, nan
nan, nan
nan, nan
nan, nan
nan, nan
nan, nan
nan, nan
nan, nan
nan, nan
nan, nan
nan, nan
nan, nan
nan, nan
nan, nan
nan, nan
nan, nan
nan, nan
nan, nan
nan, nan
nan, nan
nan, nan
nan, nan
nan, nan
nan, nan
nan, nan
nan, nan
nan, nan
nan, nan
nan, nan
nan, nan
nan, nan
nan, nan
nan, nan
nan, nan
nan, nan
nan, nan
nan, nan
nan, nan
nan, nan
nan, nan
nan, nan
nan, nan
nan, nan
nan, nan
nan, nan
nan, nan
nan, nan
nan, nan
nan, nan
nan, nan
nan, nan
nan, nan
nan, nan
nan, nan
nan, nan
nan, nan
nan, nan
nan, nan
nan, nan
nan, nan
nan, nan
nan, nan
nan, nan
nan, nan
nan, nan
nan, nan
nan, nan
nan, nan
nan, nan
nan, nan
nan, nan
nan, nan
nan, nan
nan, nan
nan, nan
nan, nan
nan, nan
nan, nan
nan, nan
nan, nan
nan, nan
nan, nan
nan, nan
nan, nan
nan, nan
nan, nan
nan, nan
nan, nan
nan, nan
nan, nan
nan, nan
nan, nan
nan, nan
nan, nan
nan, nan
nan, nan
nan, nan
nan, nan
nan, nan
nan, nan
nan, nan
nan, nan
nan, nan
nan, nan
nan, nan
nan, nan
nan, nan
nan, nan
nan, nan
nan, nan
nan, nan
nan, nan
nan, nan
nan, nan
nan, nan
nan, nan
nan, nan
nan, nan
nan, nan
nan, nan
nan, nan
nan, nan
nan, nan
nan, nan
nan, nan
nan, nan
nan, nan
nan, nan
nan, nan
nan, nan
nan, nan
nan, nan
nan, nan
nan, nan
nan, nan
nan, nan
nan, nan
nan, nan
nan, nan
nan, nan
nan, nan
nan, nan
nan, nan
nan, nan
nan, nan
nan, nan
nan, nan
nan, nan
nan, nan
nan, nan
nan, nan
nan, nan
nan, nan
nan, nan
nan, nan
nan, nan
nan, nan
nan, nan
nan, nan
nan, nan
nan, nan
nan, nan
nan, nan
nan, nan
nan, nan
nan, nan
nan, nan
nan, nan
nan, nan
nan, nan
nan, nan
nan, nan
nan, nan
nan, nan
nan, nan
nan, nan
nan, nan
nan, nan
nan, nan
nan, nan
nan, nan
nan, nan
nan, nan
nan, nan
nan, nan
nan, nan
nan, nan
nan, nan
nan, nan
nan, nan
nan, nan
nan, nan
nan, nan
nan, nan
nan, nan
nan, nan
nan, nan
nan, nan
nan, nan
nan, nan
nan, nan
nan, nan
nan, nan
nan, nan
nan, nan
nan, nan
nan, nan
nan, nan
nan, nan
nan, nan
nan, nan
nan, nan
nan, nan
nan, nan
nan, nan
nan, nan
nan, nan
nan, nan
nan, nan
nan, nan
nan, nan
nan, nan
nan, nan
nan, nan
nan, nan
nan, nan
nan, nan
nan, nan
nan, nan
nan, nan
nan, nan
nan, nan
nan, nan
nan, nan
nan, nan
nan, nan
nan, nan
nan, nan
nan, nan
nan, nan
nan, nan
nan, nan
nan, nan
nan, nan
nan, nan
nan, nan
nan, nan
nan, nan
nan, nan
nan, nan
nan, nan
nan, nan
nan, nan
nan, nan
nan, nan
nan, nan
nan, nan
nan, nan
nan, nan
nan, nan
nan, nan
nan, nan
nan, nan
nan, nan
nan, nan
nan, nan
nan, nan
nan, nan
nan, nan
nan, nan
nan, nan
nan, nan
nan, nan
nan, nan
nan, nan
nan, nan
nan, nan
nan, nan
nan, nan
nan, nan
nan, nan
nan, nan
nan, nan
nan, nan
nan, nan
nan, nan
0.1457805417401157, 0.0
0.1457805417401157, 0.0
0.1457805417401157, 0.0
0.1457805417401157, 0.0
0.1457805417401157, 0.0
0.14578054174011573, 2.7755575615628914e-17
0.1457805417401157, 0.0
nan, nan
nan, nan
nan, nan
nan, nan
nan, nan
nan, nan
nan, nan
nan, nan
nan, nan
nan, nan
nan, nan
nan, nan
nan, nan
nan, nan
nan, nan
nan, nan
nan, nan
nan, nan
nan, nan
nan, nan
nan, nan
nan, nan
nan, nan
nan, nan
nan, nan
nan, nan
nan, nan
nan, nan
nan, nan
nan, nan
nan, nan
nan, nan
nan, nan
nan, nan
nan, nan
nan, nan
nan, nan
nan, nan
nan, nan
nan, nan
nan, nan
nan, nan
nan, nan
nan, nan
nan, nan
nan, nan
nan, nan
nan, nan
nan, nan
nan, nan
nan, nan
nan, nan
nan, nan
nan, nan
nan, nan
nan, nan
0.1457805417401157, 0.0
0.1457805417401157, 0.0
0.1457805417401157, 0.0
0.14578054174011573, 2.7755575615628914e-17
nan, nan
nan, nan
nan, nan
nan, nan
nan, nan
nan, nan
nan, nan
nan, nan
nan, nan
nan, nan
nan, nan
nan, nan
nan, nan
nan, nan
0.1457805417401157, 0.0
0.1457805417401157, 0.0
0.1457805417401157, 0.0
0.14578054174011573, 2.7755575615628914e-17
0.1457805417401157, 0.0
0.1457805417401157, 0.0
nan, nan
nan, nan
nan, nan
nan, nan
nan, nan
nan, nan
nan, nan
nan, nan
nan, nan
nan, nan
nan, nan
nan, nan
nan, nan
nan, nan
nan, nan
nan, nan
0.17556066671904347, 0.02978012497892775
0.1854873750453527, 0.028076971089576935
0.18832357742429823, 0.026906578267967298
0.18672821358614136, 0.02760691472678047
nan, nan
nan, nan
nan, nan
nan, nan
nan, nan
nan, nan
nan, nan
nan, nan
nan, nan
nan, nan
nan, nan
nan, nan
nan, nan
nan, nan
nan, nan
0.1457805417401157, 0.0
0.16243288711876647, 0.03723577625146761
0.1582698007741038, 0.03304347346339925
0.15658206306680816, 0.03102500796955051
0.15259286484956375, 0.025184106046263355
nan, nan
nan, nan
nan, nan
nan, nan
nan, nan
nan, nan
nan, nan
nan, nan
nan, nan
nan, nan
nan, nan
nan, nan
nan, nan
nan, nan
nan, nan
nan, nan
nan, nan
nan, nan
nan, nan
nan, nan
nan, nan
nan, nan
nan, nan
nan, nan
nan, nan
nan, nan
nan, nan
nan, nan
nan, nan
nan, nan
nan, nan
nan, nan
nan, nan
nan, nan
nan, nan
nan, nan
nan, nan
nan, nan
nan, nan
nan, nan
nan, nan
nan, nan
nan, nan
nan, nan
nan, nan
nan, nan
nan, nan
nan, nan
nan, nan
nan, nan
nan, nan
nan, nan
nan, nan
nan, nan
nan, nan
nan, nan
nan, nan
nan, nan
nan, nan
nan, nan
nan, nan
nan, nan
nan, nan
nan, nan
nan, nan
nan, nan
nan, nan
nan, nan
nan, nan
nan, nan
nan, nan
nan, nan
nan, nan
0.1457805417401157, 0.0
0.1457805417401157, 0.0
0.1457805417401157, 0.0
0.1457805417401157, 0.0
0.14578054174011573, 2.7755575615628914e-17
0.1457805417401157, 0.0
0.1457805417401157, 0.0
nan, nan
nan, nan
nan, nan
nan, nan
nan, nan
nan, nan
nan, nan
nan, nan
nan, nan
nan, nan
nan, nan
nan, nan
nan, nan
nan, nan
nan, nan
nan, nan
nan, nan
0.1457805417401157, 0.0
0.1457805417401157, 0.0
0.1457805417401157, 0.0
nan, nan
nan, nan
nan, nan
nan, nan
nan, nan
nan, nan
nan, nan
nan, nan
nan, nan
nan, nan
nan, nan
nan, nan
nan, nan
nan, nan
nan, nan
nan, nan
nan, nan
nan, nan
nan, nan
nan, nan
nan, nan
nan, nan
nan, nan
nan, nan
nan, nan
nan, nan
nan, nan
nan, nan
0.5111860795454548, 0.0
0.5111860795454548, 0.0
nan, nan
nan, nan
nan, nan
nan, nan
nan, nan
0.46548118389574505, 0.0
0.46548118389574505, 0.0
0.465481183895745, 5.551115123125783e-17
0.46548118389574505, 0.0
0.4585311699358399, 0.04662211097676013
nan, nan
nan, nan
nan, nan
nan, nan
nan, nan
nan, nan
nan, nan
nan, nan
nan, nan
0.5111860795454544, 0.0
nan, nan
nan, nan
0.46548118389574505, 0.0
0.46413167132986916, 0.0023374243295497224
0.463082050445299, 0.0026823127411455144
0.463167733782815, 0.0026713420909139684
0.46299636710778297, 0.0026905113728209326
0.46301490901964065, 0.002698729814199477
0.46308126678942574, 0.002689412449400747
0.4629902151483027, 0.0027012709178497124
nan, nan
nan, nan
nan, nan
nan, nan
nan, nan
nan, nan
nan, nan
nan, nan
nan, nan
nan, nan
nan, nan
nan, nan
nan, nan
0.46548118389574505, 0.0
0.4633219637903436, 0.002644493750296045
0.46244478062252425, 0.0026778559803482516
0.4621762551629876, 0.002630136401047769
0.46037444324002275, 0.01974703753943021
0.4610842369117394, 0.014275070710330838
0.46189249991751735, 0.008484118629522096
nan, nan
nan, nan
nan, nan
nan, nan
nan, nan
nan, nan
0.2713743191209602, 0.0
0.35930880009936594, 0.10199391658048094
0.3794636668059412, 0.09973505814597058
0.3783609740982872, 0.09716355389581534
nan, nan
nan, nan
0.46548118389574505, 0.0
0.46548118389574505, 0.0
0.46499045205360845, 0.0015518303415221482
0.46485833194226384, 0.0017245989666173317
0.4648334178641246, 0.001754158706034355
0.4648896167435803, 0.001686225822985418
0.4646748203421078, 0.00688828396638487
0.4648865966761265, 0.0016899934129470102
nan, nan
nan, nan
nan, nan
nan, nan
nan, nan
nan, nan
nan, nan
0.2952197595792624, 0.04130151440263783
0.2999888476709228, 0.04370941435189284
0.31834275636389603, 0.07394067918140755
nan, nan
nan, nan
nan, nan
nan, nan
0.46548118389574505, 0.0
0.46548118389574505, 0.0
0.4654811838957451, 5.551115123125783e-17
0.4652950442314864, 0.000984958521507403
0.4627985579701505, 0.023441976637566826
0.4627610715099872, 0.023441972889198335
nan, nan
nan, nan
nan, nan
0.4600831336322414, 0.0
0.4600831336322414, 0.0
0.46008313363224146, 1.4510973109558773e-16
0.4471942733167216, 0.04131625838806018
0.43996364806738036, 0.04198010988820059
0.43495495571757414, 0.046783843034898354
0.43515808448594356, 0.046142107885620315
nan, nan
nan, nan
nan, nan
0.4658063720886547, 0.0
0.4658063720886547, 0.0
0.4658063720886547, 0.0
0.4657938648504658, 6.253619094416625e-05
0.465775401784568, 9.54568880939292e-05
0.465766510310169, 0.0001066471674630288
0.46576413985580933, 0.000109315424302476
nan, nan
nan, nan
0.4600831336322418, 0.0
0.4899922834393507, 0.07326215566787891
0.4824560404518961, 0.06163125160573192
0.48747982527897, 0.07436858854167597
0.4862727582731279, 0.07116551422267704
0.48107785830144806, 0.06767959909984672
0.4787636983275128, 0.06484664973377328
0.4791038904362558, 0.06539559453949531
nan, nan
nan, nan
nan, nan
nan, nan
nan, nan
nan, nan
0.4658063720886547, 0.0
0.4658063720886547, 0.0
0.4658063720886547, 0.0
0.46580637208865466, 5.551115123125783e-17
nan, nan
nan, nan
0.6694471822820046, 0.0
0.599659166065417, 0.09869515902461161
0.5490394234145165, 0.13027285083445642
0.5525496074595192, 0.1331945003775109
0.5513004385755089, 0.13472589204960939
0.5464035779565102, 0.13950096048867014
0.5429780714962258, 0.14322690494957974
0.5467437115937018, 0.14699790832682777
nan, nan
nan, nan
nan, nan
nan, nan
nan, nan
nan, nan
nan, nan
nan, nan
nan, nan
nan, nan
nan, nan
nan, nan
nan, nan
0.46008313363224196, 0.0
0.46008313363224196, 0.0
0.460083133632242, 5.551115123125783e-17
0.4673835544769867, 0.017882305977202546
0.45806027781671954, 0.04978464529114956
0.45166488485394424, 0.059667792024741484
0.45242625615110776, 0.05980775619375865
nan, nan
nan, nan
nan, nan
0.46548118389574505, 0.0
0.46548118389574505, 0.0
0.46548118389574505, 0.0
0.46548118389574505, 0.0
0.46548118389574505, 0.0
0.46549962074178064, 0.00014247167286585063
0.4654675649164854, 0.000350932682169685
nan, nan
nan, nan
nan, nan
0.5111860795454548, 0.0
0.5164626475237917, 0.011798764687459745
0.5138243635346232, 0.00875019808247367
0.5040824425578523, 0.029661708414682287
0.5034164812421471, 0.02939015527444084
0.5058067580855964, 0.02879887364827203
0.5048992930732522, 0.03142875672517051
nan, nan
nan, nan
nan, nan
nan, nan
0.4656437779921999, 0.00016259409645483225
0.4655353819278967, 0.00012119048413772082
0.46556790074718774, 0.000143803629618009
0.4655299621246815, 0.00011611541027357773
0.46551982011668497, 0.0001052201753455756
0.46551017354084945, 9.26643986723051e-05
nan, nan
nan, nan
0.4600831336322416, 1.962615573354719e-16
0.48563460658884816, 0.02555147295660664
0.49565935509200376, 0.026022181981295293
0.4933089826323733, 0.027466389758253603
0.4910250733703013, 0.032558099081752286
0.4904453188521412, 0.04184221661351791
0.4885211360460637, 0.04372660476224785
0.48738956219632557, 0.04517901675219525
nan, nan
nan, nan
0.4656437779921999, 0.00016259409645483225
0.46567629681149086, 0.00015930902860128413
0.46567629681149086, 0.00015930902860128413
0.465674539037475, 0.00015965775363425985
0.465652981431622, 0.00016233341277989996
0.4656331875721243, 0.0001622488311347283
0.4656156081943339, 0.0001601352637308536
0.4655940130444723, 0.0001547911178964494
nan, nan
nan, nan
0.4600831336322414, 0.0
0.4600831336322414, 0.0
0.4686002912844436, 0.019044943485406706
0.48981541683231805, 0.06469536203430357
0.5012331953430098, 0.07676047436478993
0.5036470497421313, 0.0794221062939795
0.5048830742978118, 0.08192063679651285
0.5098605719659737, 0.0860567236922987
nan, nan
0.4658063720886547, 0.0
0.4658063720886547, 0.0
0.4658063720886547, 0.0
0.46580637208865466, 5.551115123125783e-17
0.46580144499482273, 3.97235004233507e-05
0.46579906448881414, 4.819693113946176e-05
0.46579937879418354, 4.7172350206515685e-05
0.4658011786654265, 4.076601856686059e-05
0.4658006455041255, 4.277176526908053e-05
nan, nan
nan, nan
0.5428454874154761, 0.0
0.515258036154398, 0.03901454772472333
0.5083611733391284, 0.04080239066822749
0.5122226195343303, 0.049514521049129144
0.5117950385588464, 0.054260572362523726
0.5106270184785546, 0.055300480159693174
0.51314510321439, 0.055541597392485945
0.5133223203934758, 0.05531699955438385
nan, nan
nan, nan
nan, nan
nan, nan
0.46548118389574505, 0.0
0.46562899671070396, 0.00016192082608269524
0.465623453730143, 0.0001613188289500256
0.4656148228791326, 0.0001599951300172078
0.4656076459707655, 0.00015852860066570585
0.46524127273041804, 0.007638419940572384
nan, nan
0.5428454874154757, 0.0
0.49555271382505633, 0.04095674334472892
0.5060851492341429, 0.06707752395477119
0.4918246130872727, 0.0725283189975395
0.48753703486392574, 0.0845520351805362
0.4856922846552914, 0.0869754795531647
0.4879915168338693, 0.08808516205245072
0.4884749955666871, 0.09157712606591475
0.4923090903388199, 0.08721177818159753
nan, nan
0.46548118389574505, 0.0
0.4656031294680862, 0.00015743105694030192
0.46561421542920817, 0.00015988400505153688
0.4656134638386235, 0.00015974320735140602
0.465609904222105, 0.0001590264377439514
0.46560774362487745, 0.00015855082646784293
0.46559651952882575, 0.00015557466966531887
0.4655881423464634, 0.00015277930201909603
0.46558060448975563, 0.00014981972096787403
nan, nan
0.3657287263766012, 0.09435440725564076
0.42234137072998557, 0.07548352580451258
0.44632254677243505, 0.060273535028235306
0.44289218936750413, 0.06442075214452518
0.4485418214097461, 0.05394360806783357
0.45236502491889224, 0.04765309350307418
0.45240271186226166, 0.046063956633572434
0.4538850929258969, 0.04269774718938782
0.4564097288816554, 0.03892811661971813
nan, nan
nan, nan
nan, nan
0.46548118389574505, 0.0
0.4654811838957451, 5.551115123125783e-17
0.46548118389574494, 1.1102230246251565e-16
0.46548118389574494, 1.1102230246251565e-16
0.46548208971243854, 1.7138856138414066e-05
0.46548158338983964, 1.1390836981174077e-05
0.46548236639826485, 1.957389959292918e-05
0.4600831336322418, 0.0
0.4600831336322418, 0.0
0.4600831336322418, 0.0
0.46008313363224174, 1.4510973109558773e-16
0.4600831336322418, 1.1406457265696477e-16
0.46101227810339124, 0.006827789554931934
0.46163623357647127, 0.009705362832631279
0.46052340640631134, 0.015548884475336734
0.4598273985827399, 0.01978863517534515
0.459970944218783, 0.02470677986352083
nan, nan
nan, nan
nan, nan
nan, nan
nan, nan
nan, nan
nan, nan
0.4656437779921999, 0.00016259409645483225
0.4655740948080049, 0.00014690505111267964
0.46557874035361796, 0.00014901995091144398
0.46008313363224196, 0.0
0.460083133632242, 5.551115123125783e-17
0.4659947303310444, 0.02131456501739574
0.46172666328033574, 0.026869486392014325
0.4614208903225506, 0.02424991709706864
0.4615725403309923, 0.019832565028455273
0.46012133983532777, 0.02441015497751236
0.4593798443600869, 0.024793641129530506
0.46057655902863504, 0.030376829384470953
0.46342928480950035, 0.03226064146964507
nan, nan
nan, nan
nan, nan
0.4656437779921999, 0.00016259409645483225
0.4656546175986303, 0.00016223237387894874
0.46565028175605805, 0.00016246396910589176
0.46562267799494994, 0.00016121919959489637
0.46561692311140407, 0.00016036101639552036
0.4656106609291901, 0.00015918574163399386
0.46559389852834726, 0.00015475425450608047
nan, nan
0.46008313363224196, 0.0
0.3918353300199824, 0.07059899478935217
0.4106932757549488, 0.06736758252573287
0.41028909506527633, 0.07059655837220469
0.41532077902007264, 0.06747620541702078
0.4144156233826806, 0.07001615723562722
0.41112362725769547, 0.07479005265123939
0.41110261875357107, 0.07764201017144683
0.4090252281834166, 0.08113187094712919
nan, nan
nan, nan
nan, nan
nan, nan
0.4658063720886547, 0.0
0.4658063720886547, 0.0
0.4657599166325248, 0.00011379216328663151
0.4657494641548956, 0.00012356081586260996
0.465765723564541, 0.00010754588596668373
0.46576529568533986, 0.00010802911855566429
nan, nan
0.4600831336322418, 0.0
0.36572872637660114, 0.09435440725564068
0.3793530926103607, 0.102202774855123
0.4050077934859701, 0.10735328752549902
0.40553305107978194, 0.10823848856217075
0.4055688744207353, 0.10764430772294456
0.4058459468178711, 0.10540617700575222
0.4046549341191783, 0.10571903503487437
0.4009245252533501, 0.1015288530215634
nan, nan
nan, nan
nan, nan
nan, nan
0.46548118389574505, 0.0
0.46548118389574494, 1.5202354861220294e-16
0.4654992499064622, 7.448807042057627e-05
0.46004759756031577, 0.04162591971663404
0.4580066659350181, 0.048613760652298305
0.46051443085995725, 0.03992554779456682
nan, nan
nan, nan
0.5014643105238588, 0.04138117689161694
0.44456143734694187, 0.07900392612742525
0.44411303843606215, 0.07495393344616898
0.4445406328625606, 0.08031267394361145
0.43896252321661233, 0.07956527773775579
0.43422761363263634, 0.08070241472830414
0.4334065961788063, 0.08319242748617033
0.4266311583457095, 0.08537390689143551
nan, nan
nan, nan
nan, nan
nan, nan
nan, nan
nan, nan
nan, nan
nan, nan
0.4656437779921999, 0.00016259409645483225
0.4655403090217287, 0.00012542333256448522
nan, nan
nan, nan
0.3520819637490599, 0.0
0.3912618150933982, 0.06707255247360573
0.4001095038289562, 0.067954330419179
0.39276163380045687, 0.06320868964559957
0.39446013445525924, 0.06098622188846853
0.3946824325553328, 0.061067691387564405
0.39254787142961517, 0.05962461756468432
0.39563319017477483, 0.06437915399792724
nan, nan
nan, nan
nan, nan
nan, nan
0.4657250750404273, 0.00014081061803526205
0.46565628523038877, 0.0001621123351101053
0.4656608931602477, 0.00016169078892953745
0.46567498291980247, 0.00015957159112852643
0.4656590021585346, 0.00016187978552424637
0.46565689797692833, 0.0001620638954322995
nan, nan
nan, nan
nan, nan
0.4548007841848223, 0.08804470323065341
0.43132219665664806, 0.0912158989242112
0.44545823516870137, 0.08653017036293104
0.4327135080380797, 0.09649190510836775
0.42807185830487504, 0.09644430898792138
0.42189917588473813, 0.09854478518308775
0.42108626886066236, 0.09844081631962529
nan, nan
nan, nan
nan, nan
nan, nan
nan, nan
0.4658063720886547, 0.0
0.4658063720886547, 0.0
0.4658063720886547, 0.0
0.4657630136629335, 0.00011054272941575695
0.46574898593696473, 0.00012396825626066873
nan, nan
nan, nan
nan, nan
0.36675608095416884, 0.0
0.3919117104486412, 0.06161845641996413
0.3915061127268138, 0.06487282647547313
0.3914102140556582, 0.06681866384921052
0.3888765369435496, 0.06648361761752192
0.3876265010637711, 0.0663531741039316
0.3863180657446082, 0.06452902335370986