nan, nan
nan, nan
nan, nan
nan, nan
nan, nan
nan, nan
nan, nan
nan, nan
nan, nan
nan, nan
nan, nan
nan, nan
nan, nan
nan, nan
nan, nan
nan, nan
nan, nan
nan, nan
nan, nan
nan, nan
nan, nan
nan, nan
nan, nan
nan, nan
nan, nan
nan, nan
nan, nan
nan, nan
nan, nan
nan, nan
nan, nan
nan, nan
nan, nan
nan, nan
nan, nan
nan, nan
nan, nan
nan, nan
nan, nan
nan, nan
nan, nan
nan, nan
nan, nan
nan, nan
nan, nan
nan, nan
nan, nan
nan, nan
nan, nan
nan, nan
nan, nan
nan, nan
nan, nan
nan, nan
nan, nan
nan, nan
nan, nan
nan, nan
nan, nan
nan, nan
nan, nan
nan, nan
nan, nan
nan, nan
nan, nan
nan, nan
nan, nan
nan, nan
nan, nan
nan, nan
nan, nan
nan, nan
nan, nan
nan, nan
nan, nan
nan, nan
nan, nan
nan, nan
nan, nan
nan, nan
nan, nan
nan, nan
nan, nan
nan, nan
nan, nan
nan, nan
nan, nan
nan, nan
nan, nan
nan, nan
nan, nan
nan, nan
nan, nan
nan, nan
nan, nan
nan, nan
nan, nan
nan, nan
nan, nan
nan, nan
nan, nan
nan, nan
nan, nan
nan, nan
nan, nan
nan, nan
nan, nan
nan, nan
nan, nan
nan, nan
nan, nan
nan, nan
nan, nan
nan, nan
nan, nan
nan, nan
nan, nan
nan, nan
nan, nan
nan, nan
nan, nan
nan, nan
nan, nan
nan, nan
nan, nan
nan, nan
nan, nan
nan, nan
nan, nan
nan, nan
nan, nan
nan, nan
nan, nan
nan, nan
nan, nan
nan, nan
nan, nan
nan, nan
nan, nan
nan, nan
nan, nan
nan, nan
nan, nan
nan, nan
nan, nan
nan, nan
nan, nan
nan, nan
nan, nan
nan, nan
nan, nan
nan, nan
nan, nan
nan, nan
nan, nan
nan, nan
nan, nan
nan, nan
nan, nan
nan, nan
nan, nan
nan, nan
nan, nan
nan, nan
nan, nan
nan, nan
nan, nan
nan, nan
nan, nan
nan, nan
nan, nan
nan, nan
nan, nan
nan, nan
nan, nan
nan, nan
nan, nan
nan, nan
nan, nan
nan, nan
nan, nan
nan, nan
nan, nan
nan, nan
nan, nan
nan, nan
nan, nan
nan, nan
nan, nan
nan, nan
nan, nan
nan, nan
nan, nan
nan, nan
nan, nan
nan, nan
nan, nan
nan, nan
nan, nan
nan, nan
nan, nan
nan, nan
nan, nan
nan, nan
nan, nan
nan, nan
nan, nan
nan, nan
nan, nan
nan, nan
nan, nan
nan, nan
nan, nan
nan, nan
nan, nan
nan, nan
nan, nan
nan, nan
nan, nan
nan, nan
nan, nan
nan, nan
nan, nan
nan, nan
nan, nan
nan, nan
nan, nan
nan, nan
nan, nan
nan, nan
nan, nan
nan, nan
nan, nan
nan, nan
nan, nan
nan, nan
nan, nan
nan, nan
nan, nan
nan, nan
nan, nan
nan, nan
nan, nan
nan, nan
nan, nan
nan, nan
nan, nan
nan, nan
nan, nan
nan, nan
nan, nan
nan, nan
nan, nan
nan, nan
nan, nan
nan, nan
nan, nan
nan, nan
nan, nan
nan, nan
nan, nan
nan, nan
nan, nan
nan, nan
nan, nan
nan, nan
nan, nan
nan, nan
nan, nan
nan, nan
nan, nan
nan, nan
nan, nan
nan, nan
nan, nan
nan, nan
nan, nan
nan, nan
nan, nan
nan, nan
nan, nan
nan, nan
nan, nan
nan, nan
nan, nan
nan, nan
nan, nan
nan, nan
nan, nan
nan, nan
nan, nan
nan, nan
nan, nan
nan, nan
nan, nan
nan, nan
nan, nan
nan, nan
nan, nan
nan, nan
nan, nan
nan, nan
nan, nan
nan, nan
nan, nan
nan, nan
nan, nan
nan, nan
nan, nan
nan, nan
nan, nan
nan, nan
nan, nan
nan, nan
nan, nan
nan, nan
nan, nan
nan, nan
nan, nan
nan, nan
nan, nan
nan, nan
nan, nan
nan, nan
nan, nan
nan, nan
nan, nan
nan, nan
nan, nan
nan, nan
nan, nan
nan, nan
nan, nan
nan, nan
nan, nan
nan, nan
nan, nan
nan, nan
nan, nan
nan, nan
nan, nan
nan, nan
nan, nan
nan, nan
nan, nan
nan, nan
nan, nan
nan, nan
nan, nan
nan, nan
nan, nan
nan, nan
nan, nan
nan, nan
nan, nan
nan, nan
nan, nan
nan, nan
nan, nan
nan, nan
nan, nan
nan, nan
nan, nan
nan, nan
nan, nan
nan, nan
nan, nan
nan, nan
nan, nan
nan, nan
nan, nan
nan, nan
nan, nan
nan, nan
nan, nan
nan, nan
nan, nan
nan, nan
nan, nan
nan, nan
nan, nan
nan, nan
nan, nan
nan, nan
nan, nan
nan, nan
nan, nan
nan, nan
nan, nan
nan, nan
nan, nan
nan, nan
nan, nan
nan, nan
nan, nan
nan, nan
nan, nan
nan, nan
nan, nan
nan, nan
nan, nan
nan, nan
nan, nan
nan, nan
nan, nan
nan, nan
nan, nan
nan, nan
nan, nan
nan, nan
nan, nan
nan, nan
nan, nan
nan, nan
nan, nan
nan, nan
nan, nan
nan, nan
nan, nan
nan, nan
nan, nan
nan, nan
nan, nan
nan, nan
nan, nan
nan, nan
nan, nan
nan, nan
nan, nan
nan, nan
nan, nan
nan, nan
nan, nan
nan, nan
nan, nan
nan, nan
nan, nan
nan, nan
nan, nan
nan, nan
nan, nan
nan, nan
nan, nan
nan, nan
nan, nan
nan, nan
nan, nan
nan, nan
nan, nan
nan, nan
nan, nan
nan, nan
nan, nan
nan, nan
nan, nan
nan, nan
nan, nan
nan, nan
nan, nan
nan, nan
nan, nan
nan, nan
nan, nan
nan, nan
nan, nan
nan, nan
nan, nan
nan, nan
nan, nan
nan, nan
nan, nan
nan, nan
nan, nan
nan, nan
nan, nan
0.3814301981592785, 0.0
0.32151088623841656, 0.08473870356654681
0.35147054219884755, 0.06699182731003038
0.36859034560480797, 0.04629474675454035
0.3663368204625949, 0.07401120443798986
nan, nan
nan, nan
nan, nan
nan, nan
nan, nan
nan, nan
nan, nan
nan, nan
nan, nan
nan, nan
nan, nan
0.2713743191209608, 0.0
0.3618647085524658, 0.1279727359984573
0.40608088495854056, 0.13473800469506514
0.42780998583747815, 0.12944446042173227
0.4403932036543866, 0.1270924427231548
0.44792355554143415, 0.12475352247795986
0.4471461652509775, 0.12370377459558839
0.44507492208013355, 0.1241254944477746
0.43369011628597315, 0.12564399805297327
nan, nan
nan, nan
nan, nan
nan, nan
nan, nan
nan, nan
0.4654811838957453, 0.0
0.4654811838957452, 5.551115123125783e-17
0.4654811838957453, 0.0
0.45882075385083637, 0.045661607878029344
nan, nan
nan, nan
0.5076276061232143, 0.07043576258452265
0.4527044817269495, 0.12306741684282133
0.46238241140746167, 0.11686414081140441
0.4671259196179399, 0.12162337006618369
0.4669130293937561, 0.12311000083861198
0.4697236629510396, 0.12079548392683595
0.47155844856829837, 0.12004854720092199
0.46870997324388997, 0.11994729815713223
nan, nan
nan, nan
nan, nan
nan, nan
0.4654811838957453, 0.0
0.4654811838957452, 5.551115123125783e-17
0.4654811838957453, 0.0
0.4654811838957452, 5.551115123125783e-17
0.46548118389574533, 5.551115123125783e-17
0.4654811838957452, 5.551115123125783e-17
nan, nan
nan, nan
nan, nan
0.5428454874154757, 0.0
0.5428454874154757, 0.0
0.554354732403342, 0.03639542831053439
0.5561719816119522, 0.038853073293295445
0.5510310493938364, 0.045555578950738536
0.5513893407290823, 0.05649532680682016
0.5491330512253634, 0.05948891648315073
nan, nan
nan, nan
nan, nan
0.4654811838957453, 0.0
0.4654811838957453, 0.0
0.4655015081578021, 7.871552847009721e-05
0.46548841030003185, 4.7934543205970255e-05
0.4654836106733043, 2.798696410280617e-05
0.4654829805155956, 2.4104184690358952e-05
0.465482830418241, 2.3080698400324666e-05
nan, nan
nan, nan
nan, nan
0.6694471822820046, 0.0
0.6694471822820046, 0.0
0.6435505643180882, 0.05534814010245211
0.6424847119878303, 0.05694942151251992
0.6392128689821304, 0.05926098739684397
0.6390688639130073, 0.05987825647230845
0.6416493071051407, 0.058809524454267396
nan, nan
nan, nan
nan, nan
0.4658063720886547, 0.0
0.4658063720886547, 0.0
0.46576811465419476, 0.00010477229922990773
0.46576765920854646, 0.0001053104194201608
0.46576032774275605, 0.00011337105383320845
0.46575832022509767, 0.00011539894750276691
0.4655408952337059, 0.005942009474836614
nan, nan
nan, nan
nan, nan
0.5111860795454544, 0.0
0.5223971217274792, 0.07699501473130672
0.5120114570449398, 0.07402367008184521
0.48548334994386877, 0.08116401184541874
0.4741959268205396, 0.09561430936545232
0.46299157657488016, 0.0976158585824486
0.4624277482748227, 0.09664494909999831
nan, nan
nan, nan
0.4654811838957453, 0.0
0.46554622153432723, 0.000130075277163777
0.46552763935187524, 0.00011379216328655384
0.46556480371677916, 0.00014212636639159045
0.4655702235199944, 0.00014500544755445235
0.4655617350994935, 0.0001403773626988168
0.46555493193235165, 0.00013617348439152462
0.4655492566241277, 0.00013229720775458393
nan, nan
nan, nan
0.5428454874154757, 0.0
0.5221548989696673, 0.0358371504266377
0.5179047081262844, 0.06997419525339282
0.5231298349757971, 0.0695952103455789
0.519221273515389, 0.08023589101456434
0.5175650735464022, 0.08229582152128014
0.518573302672686, 0.08461031349014893
0.5207447162469885, 0.07805855307328018
nan, nan
nan, nan
nan, nan
0.4658063720886547, 0.0
0.4658063720886547, 0.0
0.4658063720886547, 0.0
0.4658063720886547, 0.0
0.4657941775314206, 6.178040793126279e-05
0.4657975354529778, 5.287233167810898e-05
0.46579486100218004, 6.008963552306746e-05
nan, nan
0.6061463348487401, 0.06330084743326447
0.5769336946054404, 0.08135792050288247
0.5301914199110017, 0.12580415479973406
0.5032307404590023, 0.12827655375869856
0.498021732008147, 0.12845628790059246
0.4887110864645354, 0.12816082653551317
0.4925142981123805, 0.12645531719930692
0.5059838709446222, 0.11787112768073962
0.503815581791626, 0.12393097306168362
nan, nan
nan, nan
0.4658063720886547, 0.0
0.4658063720886547, 0.0
0.46577927307257894, 8.987726851119424e-05
0.465784692875794, 8.111618693941897e-05
0.46578347151168936, 8.320192795019129e-05
0.4657776261710495, 9.231199933165992e-05
0.46577155536564513, 0.00010054741686083812
0.4657676281138637, 0.0001053469865056882
nan, nan
0.5428454874154757, 0.0
0.5014643105238586, 0.041381176891616876
0.4853248011841609, 0.04769727514381286
0.4818513572497411, 0.06424524175445202
0.4840953716941674, 0.057073652784351885
0.4838913673057421, 0.06353454463485875
0.48380046576351704, 0.06250443846306289
0.4802623792207775, 0.06132567350694482
0.4766057728720688, 0.059925352869325654
nan, nan
0.4658063720886547, 0.0
0.46575217405650315, 0.00012119048413763807
0.465766955337999, 0.00010613284922130881
0.4657615185448054, 0.00011213385962394564
0.465756226245823, 0.00011744032722659241
0.465753192816506, 0.0001202715112735143
0.4657510944144284, 0.0001221475571676313
0.4657572551220173, 0.00011644647358482685
0.4657540869282262, 0.00011945199384986093
nan, nan
0.44111705897558523, 0.06632402232851238
0.45211035189912874, 0.05445813296100943
0.4499810624860784, 0.053088498669787196
0.449804047628631, 0.054229275591847335
0.4490558536802882, 0.0565944794459795
0.4503565605476302, 0.05454696909968001
0.4510800151314673, 0.05938764281210679
0.4472187837005944, 0.06165072819854254
0.4476840882527902, 0.061987510825432524
nan, nan
0.4654811838957453, 0.0
0.4654811838957453, 0.0
0.46556987158472063, 0.00014482638963743213
0.4655726430750011, 0.00014620760499039391
0.46557585893925074, 0.00014772894925632648
0.46557616460555545, 0.00014786909801707543
0.4655645989031449, 0.0001420123658641422
0.4655521575092771, 0.00013432247507733788
0.46555189485551823, 0.00013414294388990774
nan, nan
nan, nan
0.31872274851170884, 0.07217739093145914
0.33809829536936187, 0.08421433832204131
0.3413815043140967, 0.08190031244383665
0.3422779984095985, 0.08162126544328864
0.344589015223177, 0.08261893410980883
0.34261661029654533, 0.08235266608714956
0.34303755535342545, 0.08226615930849997
0.3439598122020728, 0.08243747826492087
nan, nan
nan, nan
nan, nan
nan, nan
nan, nan
nan, nan
nan, nan
nan, nan
0.4654811838957453, 0.0
0.4654811838957453, 0.0
nan, nan
0.2713743191209608, 0.0
0.2713743191209608, 0.0
0.2983159650348989, 0.05904762292433837
0.30130948124755863, 0.06151758121938925
0.2987744092861539, 0.056723848296247194
0.30608745938251086, 0.06677824940336541
0.30089242933603577, 0.06305043582603263
0.2999937242017098, 0.06589375603382519
0.2991332638597468, 0.06506631516799193
nan, nan
nan, nan
nan, nan
nan, nan
nan, nan
nan, nan
nan, nan
nan, nan
nan, nan
nan, nan
nan, nan
nan, nan
0.2713743191209608, 0.0
0.27885799411565826, 0.019799942928802484
0.27442615838701184, 0.01198460386369383
0.2834219059110326, 0.039840421148604144
0.28518687458777736, 0.04689475624255493
0.2844174162772562, 0.051682624172001396
0.28389350944453706, 0.05476484854038576
0.28318869478380193, 0.05873540352406317
nan, nan
nan, nan
nan, nan
0.4654811838957453, 0.0
0.46554622153432723, 0.000130075277163777
0.46552763935187524, 0.00011379216328655384
0.4655239718158648, 0.00010992415709888449
0.46192923364817645, 0.03370173346252591
0.46404687168772696, 0.02165553817995929
0.46491263940715233, 0.013849495798234898
nan, nan
0.366756080954169, 0.0
0.38269213896427523, 0.06818419801289194
0.3815677160164476, 0.07409584535161773
0.3775084524875008, 0.07398052417451598
0.3771743873442561, 0.07274427655028934
0.37756849043495216, 0.07134297717189982
0.3729880059363031, 0.07306815269747674
0.3731883211089347, 0.07210572247055934
0.3655220620574733, 0.06575712955121138
nan, nan
nan, nan
0.4654811838957453, 0.0
0.4654811838957453, 0.0
0.4655312128485006, 0.00011732829422545772
0.4655304548340649, 0.00011659632083480304
0.46554215668191584, 0.0001269249758638913
0.46553962785668296, 0.00012485827755379764
0.4655347443039891, 0.00012061714238479701
0.4655298795896074, 0.0001160344521630124
0.5428454874154757, 0.0
0.5428454874154757, 0.0
0.503714508201852, 0.07320735871317634
0.484501175224868, 0.0797171589786221
0.47506244844833073, 0.07834283426895233
0.4688869599299727, 0.08244891478103655
0.46756445456153944, 0.08488903214246081
0.4644103787990028, 0.08489022817047857
0.45703498560589967, 0.08974593670545082
0.45795223628024684, 0.08986039466454121
nan, nan
nan, nan
nan, nan
nan, nan
nan, nan
nan, nan
0.465676296811491, 0.00015930902860117533
0.46567991001363435, 0.0001585286006655976
0.46568930433920724, 0.00015609033259653235
0.46568984631952887, 0.0001559312329812416
0.5428454874154757, 0.0
0.5428454874154757, 0.0
0.5369338907166733, 0.02131456501739573
0.5260790929108233, 0.05252678128012658
0.5168091958208879, 0.06520848892168749
0.513856995834956, 0.07072797441944705
0.5135059326926645, 0.07227659565926901
0.5124217216769121, 0.07281929816782948
0.5033555260043961, 0.0780736843125218
0.5039557599010147, 0.0840161646580727
nan, nan
nan, nan
nan, nan
nan, nan
nan, nan
nan, nan
nan, nan
nan, nan
0.4656437779922, 0.00016259409645472123
0.46557409480800516, 0.0001469050511125793
nan, nan
nan, nan
0.366756080954169, 0.0
0.3664136294283131, 0.054477695150855765
0.3544481027584301, 0.06576208895542217
0.39068922902910924, 0.10746453483710738
0.3960183558720671, 0.10802096130920005
0.396443954390725, 0.11140731281525271
0.4003737216140521, 0.11336055166191213
0.39899158481091374, 0.1118441951347786
nan, nan
nan, nan
nan, nan
0.4658063720886547, 0.0
0.4658063720886547, 0.0
0.4657413344500728, 0.000130075277163777
0.4656844265163137, 0.00015743105694019443
0.465667994134225, 0.0001607806538963688
0.46565095126116124, 0.00016243578551026537
0.4652149528637399, 0.008352978300402589
nan, nan
nan, nan
nan, nan
0.33427725729138774, 0.08895818827373456
0.3254483855640504, 0.09566894856021092
0.33321161322420834, 0.09488914713846268
0.33662656861031576, 0.09922819305492951
0.34154872431043054, 0.10122504645728106
0.3445954291274189, 0.1043443039785477
0.34535115708555936, 0.10391851547707935
nan, nan
nan, nan
nan, nan
0.4658063720886547, 0.0
0.4658063720886547, 0.0
0.4658063720886547, 0.0
0.46579515870269217, 5.933566122295741e-05
0.46578724337142496, 7.65148689198688e-05
0.46514519694192485, 0.010170464649770726
0.4650404702900168, 0.010971008879742322
nan, nan
nan, nan
0.46008313363224196, 0.0
0.4574419589085321, 0.06231300576451173
0.4285281249520844, 0.06542926856805101
0.42387213225004694, 0.06253530024626563
0.41958185378760116, 0.06610033345462446
0.4168572414575708, 0.06729157289961742
0.41244169753631016, 0.07021840205197637
0.406972568207243, 0.07560041151902858
0.4658063720886547, 0.0
0.4658063720886547, 0.0
0.4658063720886547, 0.0
0.4658063720886546, 1.1102230246251565e-16
0.46580214886537036, 3.6817207026619985e-05
0.46579824238383194, 5.07699903455565e-05
0.4657968077300398, 5.4943057237728994e-05
0.46580271828873443, 3.427568145912249e-05
0.4658027633417544, 3.406609500664886e-05
0.4658019722484063, 3.756883689013092e-05
0.5428454874154757, 0.0
0.5428454874154757, 0.0
0.5428454874154757, 0.0
0.519289667691485, 0.07039789846914558
0.5070566435129353, 0.0850570660150583
0.5035456085828918, 0.08826846919238887
0.5020476369752418, 0.09389519702404502
0.5025980953480543, 0.09301038103973203
0.504760571207359, 0.08879007638434083
0.5067016115634975, 0.09144894409450999