nan, nan
nan, nan
nan, nan
nan, nan
nan, nan
nan, nan
nan, nan
nan, nan
nan, nan
nan, nan
nan, nan
nan, nan
nan, nan
nan, nan
nan, nan
nan, nan
nan, nan
nan, nan
nan, nan
nan, nan
nan, nan
nan, nan
nan, nan
nan, nan
nan, nan
nan, nan
nan, nan
nan, nan
nan, nan
nan, nan
nan, nan
nan, nan
nan, nan
nan, nan
nan, nan
nan, nan
nan, nan
nan, nan
nan, nan
nan, nan
nan, nan
nan, nan
nan, nan
nan, nan
nan, nan
nan, nan
nan, nan
nan, nan
nan, nan
nan, nan
nan, nan
nan, nan
nan, nan
nan, nan
nan, nan
nan, nan
nan, nan
nan, nan
nan, nan
nan, nan
nan, nan
nan, nan
nan, nan
nan, nan
nan, nan
nan, nan
nan, nan
nan, nan
nan, nan
nan, nan
nan, nan
nan, nan
nan, nan
nan, nan
nan, nan
nan, nan
nan, nan
nan, nan
nan, nan
nan, nan
nan, nan
nan, nan
nan, nan
nan, nan
nan, nan
nan, nan
nan, nan
nan, nan
nan, nan
nan, nan
nan, nan
nan, nan
nan, nan
nan, nan
nan, nan
nan, nan
nan, nan
nan, nan
nan, nan
nan, nan
nan, nan
nan, nan
nan, nan
nan, nan
nan, nan
nan, nan
nan, nan
nan, nan
nan, nan
nan, nan
nan, nan
nan, nan
nan, nan
nan, nan
nan, nan
nan, nan
nan, nan
nan, nan
nan, nan
nan, nan
nan, nan
nan, nan
nan, nan
nan, nan
nan, nan
nan, nan
nan, nan
nan, nan
nan, nan
nan, nan
nan, nan
nan, nan
nan, nan
nan, nan
nan, nan
nan, nan
nan, nan
nan, nan
nan, nan
nan, nan
nan, nan
nan, nan
nan, nan
nan, nan
nan, nan
nan, nan
nan, nan
nan, nan
nan, nan
nan, nan
nan, nan
nan, nan
nan, nan
nan, nan
nan, nan
nan, nan
nan, nan
nan, nan
nan, nan
nan, nan
nan, nan
nan, nan
nan, nan
nan, nan
nan, nan
nan, nan
nan, nan
nan, nan
nan, nan
nan, nan
nan, nan
nan, nan
nan, nan
nan, nan
nan, nan
nan, nan
nan, nan
nan, nan
nan, nan
nan, nan
nan, nan
nan, nan
nan, nan
nan, nan
nan, nan
nan, nan
nan, nan
nan, nan
nan, nan
nan, nan
nan, nan
nan, nan
nan, nan
nan, nan
nan, nan
nan, nan
nan, nan
nan, nan
nan, nan
nan, nan
nan, nan
nan, nan
nan, nan
nan, nan
nan, nan
nan, nan
nan, nan
nan, nan
nan, nan
nan, nan
nan, nan
nan, nan
nan, nan
nan, nan
nan, nan
nan, nan
nan, nan
nan, nan
nan, nan
nan, nan
nan, nan
nan, nan
nan, nan
nan, nan
nan, nan
nan, nan
nan, nan
nan, nan
nan, nan
nan, nan
nan, nan
nan, nan
nan, nan
nan, nan
nan, nan
nan, nan
nan, nan
nan, nan
nan, nan
nan, nan
nan, nan
nan, nan
nan, nan
nan, nan
nan, nan
nan, nan
nan, nan
nan, nan
nan, nan
nan, nan
nan, nan
nan, nan
nan, nan
nan, nan
nan, nan
nan, nan
nan, nan
nan, nan
nan, nan
nan, nan
nan, nan
nan, nan
nan, nan
nan, nan
nan, nan
nan, nan
nan, nan
nan, nan
nan, nan
nan, nan
nan, nan
nan, nan
nan, nan
nan, nan
nan, nan
nan, nan
nan, nan
nan, nan
nan, nan
nan, nan
nan, nan
nan, nan
nan, nan
nan, nan
nan, nan
nan, nan
nan, nan
nan, nan
nan, nan
nan, nan
nan, nan
nan, nan
nan, nan
nan, nan
nan, nan
nan, nan
nan, nan
nan, nan
nan, nan
nan, nan
nan, nan
nan, nan
nan, nan
nan, nan
nan, nan
nan, nan
nan, nan
nan, nan
nan, nan
nan, nan
nan, nan
nan, nan
nan, nan
nan, nan
nan, nan
nan, nan
nan, nan
nan, nan
nan, nan
nan, nan
nan, nan
nan, nan
nan, nan
nan, nan
nan, nan
nan, nan
nan, nan
nan, nan
nan, nan
nan, nan
nan, nan
nan, nan
nan, nan
nan, nan
nan, nan
nan, nan
nan, nan
nan, nan
nan, nan
nan, nan
nan, nan
nan, nan
nan, nan
nan, nan
nan, nan
nan, nan
nan, nan
nan, nan
nan, nan
nan, nan
nan, nan
nan, nan
nan, nan
nan, nan
nan, nan
nan, nan
nan, nan
nan, nan
nan, nan
nan, nan
nan, nan
nan, nan
nan, nan
nan, nan
nan, nan
nan, nan
nan, nan
nan, nan
nan, nan
nan, nan
nan, nan
nan, nan
nan, nan
nan, nan
nan, nan
nan, nan
nan, nan
nan, nan
nan, nan
nan, nan
nan, nan
nan, nan
nan, nan
nan, nan
nan, nan
nan, nan
nan, nan
nan, nan
nan, nan
nan, nan
nan, nan
nan, nan
nan, nan
nan, nan
nan, nan
nan, nan
nan, nan
nan, nan
nan, nan
nan, nan
nan, nan
nan, nan
nan, nan
nan, nan
nan, nan
nan, nan
nan, nan
nan, nan
nan, nan
nan, nan
nan, nan
nan, nan
nan, nan
nan, nan
nan, nan
nan, nan
nan, nan
nan, nan
nan, nan
nan, nan
nan, nan
nan, nan
nan, nan
nan, nan
nan, nan
nan, nan
nan, nan
-0.3018003572777638, 0.0
-0.3018003572777638, 0.0
-0.3018003572777638, 0.0
nan, nan
nan, nan
nan, nan
nan, nan
nan, nan
nan, nan
nan, nan
nan, nan
nan, nan
nan, nan
nan, nan
nan, nan
nan, nan
nan, nan
nan, nan
nan, nan
nan, nan
-0.3018003572777638, 0.0
-0.3018003572777638, 0.0
-0.3018003572777638, 0.0
nan, nan
nan, nan
nan, nan
nan, nan
nan, nan
nan, nan
nan, nan
nan, nan
nan, nan
nan, nan
nan, nan
nan, nan
nan, nan
nan, nan
nan, nan
nan, nan
nan, nan
nan, nan
nan, nan
nan, nan
nan, nan
nan, nan
nan, nan
nan, nan
nan, nan
nan, nan
nan, nan
nan, nan
nan, nan
nan, nan
nan, nan
nan, nan
nan, nan
-0.3018003572777638, 0.0
-0.3018003572777638, 0.0
-0.3018003572777638, 0.0
-0.2870525646226985, 0.048912894722810796
-0.29223422150150513, 0.04001801706196528
-0.29692952667609085, 0.028953117388406353
-0.2967916729798171, 0.029348211727686098
nan, nan
nan, nan
nan, nan
nan, nan
nan, nan
nan, nan
nan, nan
nan, nan
nan, nan
nan, nan
nan, nan
nan, nan
nan, nan
-0.27890507607062376, 0.0
-0.27890507607062376, 0.0
-0.2789050760706237, 5.551115123125783e-17
-0.27890507607062376, 0.0
-0.2789050760706238, 5.551115123125783e-17
-0.2791877338633045, 0.002528168155216717
-0.27884903037828485, 0.008249985727848765
nan, nan
nan, nan
nan, nan
nan, nan
nan, nan
nan, nan
nan, nan
nan, nan
nan, nan
nan, nan
nan, nan
nan, nan
nan, nan
nan, nan
nan, nan
-0.27890507607062376, 0.0
-0.27890507607062376, 0.0
-0.27890507607062376, 0.0
-0.2789050760706237, 5.551115123125783e-17
-0.27364685073879313, 0.028324330162306562
nan, nan
nan, nan
nan, nan
nan, nan
nan, nan
nan, nan
nan, nan
nan, nan
nan, nan
nan, nan
nan, nan
nan, nan
nan, nan
nan, nan
nan, nan
nan, nan
nan, nan
nan, nan
-0.3018003572777638, 0.0
-0.3018003572777638, 0.0
nan, nan
nan, nan
nan, nan
nan, nan
nan, nan
nan, nan
nan, nan
nan, nan
nan, nan
nan, nan
nan, nan
nan, nan
nan, nan
nan, nan
nan, nan
nan, nan
nan, nan
nan, nan
-0.12482684541698041, 0.0
-0.12482684541698041, 0.0
nan, nan
nan, nan
nan, nan
nan, nan
nan, nan
nan, nan
nan, nan
nan, nan
nan, nan
nan, nan
nan, nan
nan, nan
nan, nan
nan, nan
nan, nan
nan, nan
nan, nan
nan, nan
nan, nan
nan, nan
nan, nan
nan, nan
nan, nan
nan, nan
nan, nan
nan, nan
nan, nan
nan, nan
nan, nan
nan, nan
nan, nan
nan, nan
nan, nan
nan, nan
nan, nan
nan, nan
nan, nan
nan, nan
nan, nan
0.1457805417401163, 0.0
nan, nan
nan, nan
nan, nan
nan, nan
nan, nan
nan, nan
nan, nan
nan, nan
nan, nan
nan, nan
nan, nan
0.1457805417401163, 0.0
0.1457805417401163, 0.0
0.14578054174011632, 2.7755575615628914e-17
0.1457805417401163, 0.0
0.1457805417401163, 0.0
0.14578054174011632, 2.7755575615628914e-17
0.14578054174011632, 2.7755575615628914e-17
0.14578054174011632, 2.7755575615628914e-17
0.14578054174011632, 2.7755575615628914e-17
nan, nan
nan, nan
nan, nan
nan, nan
nan, nan
nan, nan
nan, nan
nan, nan
nan, nan
nan, nan
nan, nan
nan, nan
nan, nan
nan, nan
0.16563395839273454, 0.02807697108957657
0.16067060422957996, 0.025790344759626615
0.1666266292253654, 0.028408428640494802
0.16899894426605966, 0.029048229588230313
0.16818010923855037, 0.029274016821851476
0.16790345552094477, 0.029245218254579628
nan, nan
nan, nan
nan, nan
nan, nan
nan, nan
nan, nan
nan, nan
nan, nan
nan, nan
nan, nan
nan, nan
nan, nan
nan, nan
0.18548737504535276, 0.02807697108957657
0.18548737504535276, 0.02807697108957657
0.19342874170639998, 0.023824099983141892
0.19517196853443483, 0.022410994731741997
0.19593654170462546, 0.021718185060738204
0.19671898568014248, 0.021255143283408613
0.19639635292698476, 0.021745446180601237
nan, nan
nan, nan
nan, nan
nan, nan
nan, nan
nan, nan
nan, nan
nan, nan
nan, nan
nan, nan
nan, nan
0.205340791697971, 0.0
0.205340791697971, 0.0
0.205340791697971, 0.0
0.2019694567946962, 0.013763417108430882
0.20180016007435211, 0.015071304623960363
0.2015953166864862, 0.015182200094923078
0.20177930092440965, 0.014122289621932467
0.20103880602231022, 0.015418179574900338
0.20165951516215805, 0.014517523150130274
nan, nan
nan, nan
nan, nan
nan, nan
nan, nan
nan, nan
nan, nan
nan, nan
nan, nan
nan, nan
nan, nan
nan, nan
nan, nan
nan, nan
0.205340791697971, 0.0
0.20259701632028454, 0.027053270800756927
0.20283560548356155, 0.025861853743289708
0.2032067441819926, 0.023885995248708512
0.2043753298225997, 0.02348868782280258
0.20434967077685154, 0.02408471652160463
nan, nan
nan, nan
nan, nan
nan, nan
nan, nan
nan, nan
nan, nan
nan, nan
nan, nan
nan, nan
0.2456946140120203, 5.551115123125783e-17
0.2456946140120203, 5.551115123125783e-17
0.24569461401202036, 0.0
0.24530472200898606, 0.003947355676663123
0.24508274101352986, 0.005912922763068705
0.24503152282292126, 0.005889457508494904
0.2448175684676571, 0.007425559938233908
0.24477962864886696, 0.007804961581813949
0.24466244229628803, 0.008696526919727271
0.24451960618747953, 0.009411377631448987
nan, nan
nan, nan
nan, nan
nan, nan
nan, nan
nan, nan
nan, nan
nan, nan
nan, nan
nan, nan
nan, nan
nan, nan
0.24569461401202036, 0.0
0.24569461401202036, 0.0
0.2456946140120204, 8.22323174120712e-17
0.243773189545253, 0.013721715310270404
0.24220111498153424, 0.018353342451385066
0.24247818198472437, 0.01814159743084621
0.2431746533549637, 0.016356387096638718
0.24213471263029707, 0.018222824526814358
nan, nan
nan, nan
nan, nan
nan, nan
nan, nan
nan, nan
nan, nan
nan, nan
nan, nan
nan, nan
0.24569461401202033, 2.7755575615628914e-17
0.24569461401202036, 0.0
0.24569461401202036, 4.712201116125833e-17
0.24569461401202036, 5.016521165774134e-17
0.24487564620651292, 0.009008645860581515
0.24509090360554361, 0.007743041968705286
0.24476073850739832, 0.009075079842706819
0.2446842160250552, 0.00901058367960088
0.24391826646518294, 0.011989789115845598
0.2438628744547866, 0.011163558730116768
nan, nan
nan, nan
nan, nan
nan, nan
nan, nan
nan, nan
nan, nan
nan, nan
nan, nan
nan, nan
0.24569461401202036, 0.0
0.24569461401202033, 2.7755575615628914e-17
0.24569461401202036, 0.0
0.24569461401202033, 2.7755575615628914e-17
0.2429054200675039, 0.01316823638844803
0.2430153369870989, 0.013347148990476254
0.24286893501418563, 0.013732977644856089
0.24174522750092756, 0.016227327174986622
0.24083701530744547, 0.018229087056060054
0.24065001147850018, 0.01835540254230088
nan, nan
nan, nan
nan, nan
nan, nan
nan, nan
nan, nan
nan, nan
0.38143019815927753, 0.0
0.4340919409005907, 0.0745275911518311
0.44776976472555424, 0.07785717267825218
nan, nan
nan, nan
0.24569461401202036, 0.0
0.2456946140120203, 5.551115123125783e-17
0.24569461401202033, 2.7755575615628914e-17
0.24388873456196133, 0.01261349527114494
0.2426221810642968, 0.015618828959902926
0.24238627636145252, 0.01682073379190267
0.24088571286963212, 0.020058594058469405
0.24047982409774138, 0.02003030877588807
nan, nan
nan, nan
nan, nan
nan, nan
nan, nan
nan, nan
0.38143019815927753, 0.0
0.3603361546769335, 0.05580959319906527
0.3347665054470312, 0.09980298522210435
0.32278401942305857, 0.11029951318913643
nan, nan
nan, nan
nan, nan
0.1457805417401163, 0.0
0.1457805417401163, 0.0
0.16394673669864432, 0.03853631893059609
0.16290866841529983, 0.037655918035622016
0.1600539806361026, 0.03496264216996088
0.15943602299545984, 0.03485777767713654
0.15752277462123546, 0.03260356215707083
nan, nan
nan, nan
nan, nan
nan, nan
nan, nan
nan, nan
0.34072746349301486, 0.12396549419518932
0.33576314904234544, 0.1478136651471237
0.36654552223852876, 0.13980644755992352
0.39079687888793774, 0.13040956902082376
nan, nan
nan, nan
0.1457805417401163, 0.0
0.14578054174011632, 2.7755575615628914e-17
0.14578054174011626, 8.326672684688674e-17
0.14736647939522587, 0.012487685584024757
0.14745507926422644, 0.012825980948305749
0.1470064812771949, 0.010999349242572566
0.14640035608423485, 0.007844998747752926
0.14634176611242783, 0.010137626966981337
nan, nan
nan, nan
nan, nan
nan, nan
nan, nan
nan, nan
nan, nan
nan, nan
nan, nan
nan, nan
nan, nan
nan, nan
nan, nan
0.1457805417401163, 0.0
0.1457805417401163, 0.0
0.1457805417401163, 0.0
0.14578054174011626, 2.7755575615628914e-17
0.14578054174011632, 2.7755575615628914e-17
0.14553805401167047, 0.003810993796421652
0.1456936386235635, 0.0022844116970498814
nan, nan
nan, nan
nan, nan
nan, nan
nan, nan
0.22001490890307893, 0.0
0.22001490890307893, 0.0
0.22001490890307893, 0.0
0.22001490890307893, 0.0
0.2096042176426976, 0.041465334472956555
nan, nan
nan, nan
nan, nan
nan, nan
nan, nan
0.1457805417401163, 0.0
0.14578054174011632, 2.7755575615628914e-17
0.14578054174011626, 2.7755575615628914e-17
0.14578054174011632, 2.7755575615628914e-17
0.14578054174011632, 2.7755575615628914e-17
nan, nan
nan, nan
nan, nan
nan, nan
0.366756080954169, 0.0
0.3218165970135228, 0.07783746945112492
0.3134474772228271, 0.07544839678505813
0.3013739396145043, 0.08636736693640595
0.29185028978120864, 0.08979918321748509
0.28603833730239714, 0.09200698383324954
nan, nan
nan, nan
nan, nan
nan, nan
nan, nan
nan, nan
nan, nan
nan, nan
0.30306009714491844, 0.0
0.30306009714491844, 0.0
0.3554011093073611, 0.0
0.3554011093073611, 0.0
0.3338703361462922, 0.058908002280622804
0.3456183645039538, 0.04579982864197763
0.34825957738665564, 0.04765586290637438
0.34720163605544946, 0.04745356087926399
0.3466193243378366, 0.04928241435263308
0.3478885978530904, 0.04305802609337682
0.349452256142247, 0.040867395732029556
0.3466154812224887, 0.04504014150788495
nan, nan
nan, nan
nan, nan
nan, nan
nan, nan
nan, nan
nan, nan
0.46580637208865433, 0.0
0.46561125917290874, 0.00015930902860109374
0.46558957996004824, 0.00015329518424529877
nan, nan
nan, nan
0.46008313363224196, 0.0
0.46008313363224196, 0.0
0.4445286248525632, 0.034780938987979154
0.44572512552792315, 0.03367251374608498
0.4365649385461074, 0.03992374177685424
0.42912799458886836, 0.043428451545134604
0.42880076946333173, 0.044206009749396494
0.4298033451172349, 0.043700675443503215
nan, nan
nan, nan
nan, nan
nan, nan
nan, nan
0.46548118389574505, 0.0
0.46548118389574505, 0.0
0.465481183895745, 5.551115123125783e-17
0.4654811838957451, 5.551115123125783e-17
0.4654811838957449, 1.6653345369377348e-16
nan, nan
nan, nan
0.366756080954169, 0.0
0.4079168133412897, 0.05274359160365077
0.38171681382722034, 0.07077871265071775
0.3654384774596855, 0.07221700537931212
0.3741423343940977, 0.06842624001164253
0.3735996259777444, 0.06975363147362627
0.37127072147757195, 0.07301628743018752
0.369405882786719, 0.07231139950330227
nan, nan
nan, nan
nan, nan
nan, nan
nan, nan
0.46548118389574505, 0.0
0.46554622153432695, 0.00013007527716371036
0.4655312128485004, 0.00011732829422539765
0.4655403090217286, 0.00012542333256433539
0.46552183241985867, 0.00010754588596655522
0.46008313363224196, 0.0
0.46008313363224196, 0.0
0.460083133632242, 5.551115123125783e-17
0.46008313363224207, 1.1102230246251565e-16
0.4622135168501228, 0.012634102711259202
0.4586387771842943, 0.024571824821834194
0.4578527824072464, 0.026679951997994975
0.45697146532869587, 0.02931579117507887
0.4577909048607796, 0.03188780902241727
0.45951639990571747, 0.03212501101662157
nan, nan
nan, nan
nan, nan
nan, nan
0.46548118389574505, 0.0
0.4655624809439724, 0.0001408106180350938
0.4655895799600482, 0.00015329518424529877
0.46555461348769234, 0.0001359651842857323
0.46553925321590756, 0.0001245448166041108
0.4655274328831812, 0.00011358105391894408
nan, nan
0.46008313363224196, 0.0
0.460083133632242, 5.551115123125783e-17
0.46348999669312285, 0.012747314337472027
0.4642972006921987, 0.023400439272541953
0.4646052112456724, 0.025714753662161347
0.46160886465664297, 0.03291024557330811
0.4605384988018051, 0.03527363045676687
0.4598173111899571, 0.03137745730609518
0.46008961040791163, 0.03284854252629162
nan, nan
nan, nan
nan, nan
nan, nan
nan, nan
nan, nan
nan, nan
nan, nan
0.46548118389574505, 0.0
0.46548118389574505, 0.0
nan, nan
nan, nan
nan, nan
nan, nan
0.46008313363224196, 0.0
0.4600831336322419, 7.343435057440258e-17
0.46008313363224196, 8.696925977165652e-17
0.4491869915723417, 0.04168543674555438
0.4522894148189589, 0.03978341850628549
0.44967446664259225, 0.043701789337910586
nan, nan
nan, nan
nan, nan
0.46548118389574505, 0.0
0.46548118389574505, 0.0
0.46548118389574505, 0.0
0.46548118389574505, 0.0
0.4654837244285023, 2.8630350148390814e-05
0.46548405320332953, 3.041105098953215e-05
0.4654848468415977, 3.431806477928163e-05
nan, nan
nan, nan
nan, nan
nan, nan
0.46008313363224196, 0.0
0.40280360999166387, 0.06108798100540652
0.38759201488564965, 0.09964102455989754
0.3981965400474828, 0.10324635904013339
0.4036815752902405, 0.10543580491903162
0.40617986788881527, 0.09605546811045511
nan, nan
nan, nan
nan, nan
nan, nan
0.46548118389574505, 0.0
0.46548118389574505, 0.0
0.4655028631086058, 8.111618693937746e-05
0.465487958649764, 4.644537355655375e-05
0.46549359565883314, 6.230655620794874e-05
0.4654768856430193, 0.0002955682510848933
nan, nan
nan, nan
0.6061463348487401, 0.06330084743326447
0.5451476767218901, 0.09575808262569482
0.5192482933008699, 0.10378972018927389
0.513059643468208, 0.11044788935361982
0.508448094397049, 0.1104663821004079
0.506517873569748, 0.11073116653731128
0.5031846043581315, 0.10969997525492853
0.5081356172767291, 0.10565643814360595
nan, nan
nan, nan
nan, nan
nan, nan
0.46548118389574505, 0.0
0.46548118389574505, 0.0
0.46548118389574505, 0.0
0.46548118389574494, 1.1102230246251565e-16
0.4654811838957453, 2.220446049250313e-16
0.4654811838957451, 5.551115123125783e-17
nan, nan
nan, nan
0.5428454874154759, 2.220446049250313e-16
0.49963836453376625, 0.08085162229355412
0.5053136107177935, 0.07693360774806676
0.5055019506774113, 0.07580831487688788
0.5124640297836048, 0.06964014507057623
0.511446343454533, 0.07117413296321577
0.5108006387872454, 0.07231858321331262
0.5095519644220402, 0.07376616890529067
nan, nan
nan, nan
0.46548118389574505, 0.0
0.46548118389574505, 0.0
0.4655353819278966, 0.000121190484137576
0.4655028631086058, 8.111618693937746e-05
0.4654930089209416, 6.0873042916542476e-05
0.46548692251091406, 4.281586379540863e-05
0.46548598625302434, 3.922508444741369e-05
0.46548393972788843, 2.9808882297708553e-05
nan, nan
nan, nan
nan, nan
nan, nan
0.5214582111488467, 0.13044342879372336
0.49460438652268474, 0.1064817982853905
0.4796968714702255, 0.09553951702724371
0.47691923346581033, 0.09070517496138404
0.48055904895194834, 0.09789995466499181
0.47842408728210395, 0.09887763205349186
nan, nan
nan, nan
nan, nan
nan, nan
0.46548118389574505, 0.0
0.46548118389574505, 0.0
0.4654811838957452, 1.6653345369377348e-16
0.46548118389574505, 0.0
0.4654811838957451, 5.551115123125783e-17
0.4654811838957451, 5.551115123125783e-17
nan, nan
nan, nan
nan, nan
nan, nan
0.5428454874154761, 0.0
0.5032253709616821, 0.0792402329075881
0.4907636335239264, 0.0828893496580309
0.49649417919084643, 0.07816651143034135
0.5022801509236922, 0.07353793882747063
0.49663470297459894, 0.07691164943895033
nan, nan
nan, nan
nan, nan
nan, nan
nan, nan
0.46548118389574505, 0.0
0.46548118389574505, 0.0
0.46548118389574505, 0.0
0.46548743751483934, 4.465977318209192e-05
0.46549239728170744, 5.9335661222927025e-05
nan, nan
0.5428454874154761, 0.0
0.5428454874154761, 0.0
0.5243281490376007, 0.057085497459561145
0.5244024332168723, 0.05542833500691203
0.522208706643699, 0.05698520445854509
0.5226133838516138, 0.055420095446638465
0.5207642002579235, 0.05853039446997321
0.5207031319189316, 0.05850243764461392
0.5231640702109265, 0.05590822996279791
nan, nan
nan, nan
nan, nan
nan, nan
nan, nan
0.4656437779921997, 0.00016259409645463796
0.4656437779921997, 0.00016259409645463796
0.465616678976124, 0.0001603199411477721
0.46561003204765233, 0.00015905361180595102
0.4655924899215059, 0.00015429314309590539
nan, nan
0.5428454874154761, 0.0
0.5428454874154761, 0.0
0.5392809413710379, 0.05384649132882412
0.5463462570623867, 0.039396582487698256
0.5436110006896031, 0.04114200521623489
0.5426728054217029, 0.04426304386068586
0.5447263612043706, 0.04386087977171471
0.5442780840832067, 0.04654316361179235
0.5443628731445279, 0.04288217382380757
nan, nan
0.46580637208865433, 0.0
0.46580637208865433, 0.0
0.46580637208865444, 1.1102230246251565e-16
0.4657986295126327, 4.957667618438985e-05
0.4658005128419356, 4.325537053677932e-05
0.46579975809151053, 4.59026014613321e-05
0.4657995885018401, 4.64749963691259e-05
0.46580269533772956, 3.4381935542770804e-05
0.46580384798883884, 2.8538331729047972e-05
nan, nan
nan, nan
nan, nan
nan, nan
0.5174184292703079, 0.033141167832275435
0.514353156907966, 0.03444921695989241
0.5046845241008615, 0.04179808829814717
0.5030323992957888, 0.04360308047245397
0.5015487296663532, 0.045121848644210955
0.5033730296615452, 0.04775957721832523
nan, nan
nan, nan
nan, nan
0.4656437779921997, 0.00016259409645463796
0.4656670057202646, 0.00016092642061153576
0.4657029031181832, 0.00015146306374603282
0.4657134611763945, 0.00014690505111250408
0.46572230983470503, 0.00014237131001231483
0.4657244480709035, 0.00014117074273317594
0.46572569562858146, 0.00014045049324061285
nan, nan
nan, nan
0.366756080954169, 0.0
0.3562745686648055, 0.009491413061030646
0.37623519464760546, 0.07172032668506095
0.3795802299147496, 0.07604320071518605
0.38056147403937346, 0.08365215257405573
0.3802793336090767, 0.082929569801226
0.3808273324937726, 0.08441408318228862
0.37816404383410157, 0.08261584655693585
nan, nan
nan, nan
nan, nan
0.4656437779921997, 0.00016259409645463796
0.4656437779921997, 0.00016259409645463796
0.46563603541617804, 0.0001624096447827194
0.4656101378343125, 0.0001590760194976811
0.4655967112800681, 0.00015563278835457737
0.46558431263211536, 0.00015132980919808513
0.46557122944522533, 0.00014551133472615586
nan, nan
0.34474490514650585, 0.0
0.34569045956202793, 0.008555227299423717
0.3459606179664628, 0.009683772745116361
0.3474102288176237, 0.026152159583787176
0.3472565464416951, 0.028327732123044822
0.34931749459224265, 0.02366335203124296
0.34950217160108665, 0.021958711331065202
0.3525596381220856, 0.02045114844649081
0.35338322809524153, 0.021840789347689956
nan, nan
nan, nan
nan, nan
nan, nan
nan, nan
nan, nan
nan, nan
0.46548118389574505, 0.0
0.46548118389574505, 0.0
0.46548118389574505, 0.0
0.34474490514650585, 0.0
0.35024769909842146, 0.00953111870830061
0.35208196374906, 0.01037616778365831
0.3521780064662858, 0.025235984237425492
0.34801298615602383, 0.03666561712452518
0.35033940424072285, 0.03251906488849687
0.3511426574743536, 0.0333796475886351
0.3521974356930996, 0.03648878379790393
0.3540733533424338, 0.04109363903184555
0.3539190731229945, 0.03661966285871503
nan, nan
nan, nan
nan, nan
nan, nan
nan, nan
nan, nan
0.46548118389574505, 0.0
0.46548118389574505, 0.0
0.46548118389574505, 0.0
0.46548118389574505, 0.0
nan, nan
nan, nan
nan, nan
0.34474490514650585, 0.0
0.37525789760987927, 0.05285005323752903
0.3834760831352658, 0.05475546682707163
0.3776208114520721, 0.050280734320907905
0.3728251782261892, 0.04599621088478228
0.3717061118842337, 0.054046137370623804
0.372528945766521, 0.0545485608532546