nan, nan
nan, nan
nan, nan
nan, nan
nan, nan
nan, nan
nan, nan
nan, nan
nan, nan
nan, nan
nan, nan
nan, nan
nan, nan
nan, nan
nan, nan
nan, nan
nan, nan
nan, nan
nan, nan
nan, nan
nan, nan
nan, nan
nan, nan
nan, nan
nan, nan
nan, nan
nan, nan
nan, nan
nan, nan
nan, nan
nan, nan
nan, nan
nan, nan
nan, nan
nan, nan
nan, nan
nan, nan
nan, nan
nan, nan
nan, nan
nan, nan
nan, nan
nan, nan
nan, nan
nan, nan
nan, nan
nan, nan
nan, nan
nan, nan
nan, nan
nan, nan
nan, nan
nan, nan
nan, nan
nan, nan
nan, nan
nan, nan
nan, nan
nan, nan
nan, nan
nan, nan
nan, nan
nan, nan
nan, nan
nan, nan
nan, nan
nan, nan
nan, nan
nan, nan
nan, nan
nan, nan
nan, nan
nan, nan
nan, nan
nan, nan
nan, nan
nan, nan
nan, nan
nan, nan
nan, nan
nan, nan
nan, nan
nan, nan
nan, nan
nan, nan
nan, nan
nan, nan
nan, nan
nan, nan
nan, nan
nan, nan
nan, nan
nan, nan
nan, nan
nan, nan
nan, nan
nan, nan
nan, nan
nan, nan
nan, nan
nan, nan
nan, nan
nan, nan
nan, nan
nan, nan
nan, nan
nan, nan
nan, nan
nan, nan
nan, nan
nan, nan
nan, nan
nan, nan
nan, nan
nan, nan
nan, nan
nan, nan
nan, nan
nan, nan
nan, nan
nan, nan
nan, nan
nan, nan
nan, nan
nan, nan
nan, nan
nan, nan
nan, nan
nan, nan
nan, nan
nan, nan
nan, nan
nan, nan
nan, nan
nan, nan
nan, nan
nan, nan
nan, nan
nan, nan
nan, nan
nan, nan
nan, nan
nan, nan
nan, nan
nan, nan
nan, nan
nan, nan
nan, nan
nan, nan
nan, nan
nan, nan
nan, nan
nan, nan
nan, nan
nan, nan
nan, nan
nan, nan
nan, nan
nan, nan
nan, nan
nan, nan
nan, nan
nan, nan
nan, nan
nan, nan
nan, nan
nan, nan
nan, nan
nan, nan
nan, nan
nan, nan
nan, nan
nan, nan
nan, nan
nan, nan
nan, nan
nan, nan
nan, nan
nan, nan
nan, nan
nan, nan
nan, nan
nan, nan
nan, nan
nan, nan
nan, nan
nan, nan
nan, nan
nan, nan
nan, nan
nan, nan
nan, nan
nan, nan
nan, nan
nan, nan
nan, nan
nan, nan
nan, nan
nan, nan
nan, nan
nan, nan
nan, nan
nan, nan
nan, nan
nan, nan
nan, nan
nan, nan
nan, nan
nan, nan
nan, nan
nan, nan
nan, nan
nan, nan
nan, nan
nan, nan
nan, nan
nan, nan
nan, nan
nan, nan
nan, nan
nan, nan
nan, nan
nan, nan
nan, nan
nan, nan
nan, nan
nan, nan
nan, nan
nan, nan
nan, nan
nan, nan
nan, nan
nan, nan
nan, nan
nan, nan
nan, nan
nan, nan
nan, nan
nan, nan
nan, nan
nan, nan
nan, nan
nan, nan
nan, nan
nan, nan
nan, nan
nan, nan
nan, nan
nan, nan
nan, nan
nan, nan
nan, nan
nan, nan
nan, nan
nan, nan
nan, nan
nan, nan
nan, nan
nan, nan
nan, nan
nan, nan
nan, nan
nan, nan
nan, nan
nan, nan
nan, nan
nan, nan
nan, nan
nan, nan
nan, nan
nan, nan
nan, nan
nan, nan
nan, nan
nan, nan
nan, nan
nan, nan
nan, nan
nan, nan
nan, nan
nan, nan
nan, nan
nan, nan
nan, nan
nan, nan
nan, nan
nan, nan
nan, nan
nan, nan
nan, nan
nan, nan
nan, nan
nan, nan
nan, nan
0.1862993777056283, 0.0
0.1862993777056283, 0.0
0.21448299963925033, 0.06302049449573292
0.2161408597529928, 0.06446496906838754
0.225074892555362, 0.07081477687701555
0.22464273846896446, 0.0706415827237879
nan, nan
nan, nan
nan, nan
nan, nan
nan, nan
nan, nan
nan, nan
nan, nan
nan, nan
nan, nan
0.35540110930736046, 0.0
0.35540110930736046, 0.0
0.35540110930736046, 0.0
0.3454539486249056, 0.03978864272981933
0.3438475748500992, 0.041762656271155794
0.33742846773449736, 0.050809120089566624
0.3331114232591045, 0.05572630975624339
0.3295332704455154, 0.05937868623725089
0.32502493872694616, 0.06485400559719738
0.3231379158615571, 0.06714374162952574
nan, nan
nan, nan
nan, nan
nan, nan
nan, nan
nan, nan
nan, nan
nan, nan
nan, nan
nan, nan
nan, nan
nan, nan
nan, nan
0.35110310696248287, 0.00607829320723731
0.3540890145416825, 0.006342559681898023
0.3466402607604098, 0.033531346296869824
0.3421008052170965, 0.04095425366046019
0.3450851547602439, 0.036216701505858116
0.3440358315667171, 0.03830169403192639
0.34249667075750334, 0.040774963012288314
nan, nan
nan, nan
nan, nan
nan, nan
nan, nan
nan, nan
nan, nan
nan, nan
nan, nan
nan, nan
nan, nan
nan, nan
nan, nan
0.36345357271696627, 0.0
0.35702183394175374, 0.010329667845289792
0.3658143735542976, 0.03554858373953085
0.36057885935308054, 0.02992687657228317
0.36008385490170386, 0.028845153451265093
0.35787168557902066, 0.030584668646633287
0.3553882003778814, 0.028526762331156478
nan, nan
nan, nan
nan, nan
nan, nan
nan, nan
nan, nan
nan, nan
nan, nan
nan, nan
nan, nan
0.34250710227272757, 0.0
0.3443491032776751, 0.004511962567815345
0.34393976972102014, 0.00405219547149154
0.3406655486268587, 0.024276117140845876
0.3389602771837487, 0.030003334478313454
0.3369820318925726, 0.03410678660435385
0.3359933750926671, 0.0369012987269212
0.334471139030069, 0.04155574580412523
0.33520854032107, 0.041557865341789436
0.33273694862842773, 0.04614344423766399
nan, nan
nan, nan
nan, nan
nan, nan
nan, nan
nan, nan
nan, nan
nan, nan
nan, nan
nan, nan
nan, nan
0.34250710227272757, 0.0
0.34250710227272757, 0.0
0.3505394345238098, 0.03592168186256764
0.35500910074773734, 0.04377216774279768
0.35508129256448306, 0.04412627601452111
0.3541205116982876, 0.047559104613074714
0.3552590464998233, 0.05349318616146845
0.3485644326408201, 0.05458255418005811
0.3461794352751839, 0.050947653922733045
nan, nan
nan, nan
nan, nan
nan, nan
nan, nan
nan, nan
nan, nan
nan, nan
nan, nan
nan, nan
0.34250710227272757, 0.0
0.34250710227272757, 0.0
0.34250710227272757, 0.0
0.34250710227272757, 0.0
0.34250710227272757, 0.0
0.34212185158400715, 0.01998303703111656
0.3392043377647397, 0.029655785161005213
0.33813996691592973, 0.03310220850217349
0.3368719547379742, 0.03900062031802732
0.3360937501542132, 0.03603201905740698
nan, nan
nan, nan
nan, nan
nan, nan
nan, nan
nan, nan
nan, nan
nan, nan
nan, nan
0.1457805417401163, 0.0
0.35540110930736046, 0.0
0.39209446750348875, 0.05189224480997857
0.38190640045838364, 0.051455010947229846
0.36316800982843833, 0.0392448242670235
0.3532846140547197, 0.05323586636030464
0.35080114770551507, 0.052934811364954495
0.3502124236744093, 0.04920677395267792
0.34987163881571903, 0.04835767481352637
0.3488136112672666, 0.04330854518657472
0.3529650540715898, 0.03150064011561027
nan, nan
nan, nan
nan, nan
nan, nan
nan, nan
nan, nan
nan, nan
nan, nan
nan, nan
nan, nan
0.34250710227272757, 0.0
0.34250710227272757, 0.0
0.34250710227272757, 0.0
0.33821469191632936, 0.017176631809430132
0.34250883771742824, 0.010699531681253342
0.34229373540069696, 0.018930636730171355
0.3409336095461964, 0.02353436655562655
0.3409612006933958, 0.026999028384224508
0.3397958771154147, 0.03292025051636244
0.3393504292828277, 0.03679848926094366
nan, nan
nan, nan
nan, nan
nan, nan
nan, nan
nan, nan
nan, nan
nan, nan
nan, nan
nan, nan
nan, nan
0.5111860795454548, 0.0
0.45495975378787906, 0.07951603244877131
0.4222761013441202, 0.08080970369800838
0.40220531158602085, 0.07651966143540236
0.4074253095209024, 0.07749518622502745
0.39850873793308633, 0.07756496056427246
0.394024359332317, 0.07911426752125474
0.39169348547844113, 0.07990779313860456
0.39088935471332426, 0.08338727300615163
nan, nan
nan, nan
nan, nan
nan, nan
nan, nan
nan, nan
nan, nan
nan, nan
nan, nan
0.1457805417401163, 0.0
nan, nan
0.34250710227272757, 0.0
0.38254713777872346, 0.05814953663985445
0.3843172354431373, 0.061789216580215904
0.38266908766209773, 0.061690724965416464
0.3835454828751472, 0.06531656768354392
0.3831098870781137, 0.06570621486264325
0.37974978848337704, 0.0647590865664541
0.378821069118414, 0.06640187609728998
0.37606218396061875, 0.0675846213739677
nan, nan
nan, nan
nan, nan
nan, nan
nan, nan
nan, nan
nan, nan
nan, nan
nan, nan
nan, nan
0.5111860795454548, 0.0
0.44887209145021706, 0.07631873733559895
0.42430611259196205, 0.07128997253349871
0.4244992587897039, 0.06995424157530983
0.41923800622438584, 0.08097037479104417
0.4194591392552769, 0.08103763519718454
0.41490105622498774, 0.08203945765174364
0.41099010010393544, 0.08452393506949106
0.41627637904460973, 0.08585544810738664
0.4209642395007216, 0.08835705035861148
nan, nan
nan, nan
nan, nan
nan, nan
nan, nan
nan, nan
nan, nan
nan, nan
nan, nan
nan, nan
nan, nan
nan, nan
nan, nan
0.35540110930736046, 0.0
0.37725779570486334, 0.06394549591067089
0.3680710692175801, 0.06644165133086372
0.3555911749059369, 0.07601118860018817
0.351313908752964, 0.07507006084286072
0.3488489801418083, 0.07343678139585198
0.34941771670173244, 0.07472840046223575
nan, nan
nan, nan
nan, nan
nan, nan
nan, nan
nan, nan
0.1457805417401163, 0.0
0.1457805417401163, 0.0
0.1457805417401163, 0.0
0.1457805417401163, 0.0
nan, nan
nan, nan
nan, nan
0.35540110930736046, 0.0
0.39083194830962825, 0.07086167800453552
0.41126507421150427, 0.08179638019976718
0.44859034886417737, 0.0870599186326393
0.4573934278429018, 0.08631033307025814
0.4607798708264082, 0.08821150112655063
0.4652492134692914, 0.08701618393996177
nan, nan
nan, nan
nan, nan
nan, nan
nan, nan
nan, nan
nan, nan
nan, nan
nan, nan
nan, nan
nan, nan
0.44397820681302985, 0.08857709750566939
0.3944245858308371, 0.07592384523237002
0.3712040687487129, 0.08808796673474757
0.3763329036604742, 0.08640352937968361
0.3681408399183142, 0.07932149228410904
0.3636325943894211, 0.07887137565717273
0.3646601199218981, 0.07707470822556342
0.3628018999243422, 0.07633232590741078
0.3654623993147517, 0.08150205757445463
nan, nan
nan, nan
nan, nan
nan, nan
nan, nan
nan, nan
nan, nan
nan, nan
nan, nan
0.1457805417401163, 0.0
0.5083979140898803, 0.05917327957790257
0.4898772482477858, 0.07393810314482392
0.47397137284943824, 0.08181834887046951
0.4734090039291779, 0.08447335101590192
0.4730617605397458, 0.08438604543422107
0.4710467183388882, 0.08549853838289272
0.4761010233902867, 0.08205860433821999
0.47572584671474216, 0.0829264802820653
0.474988138026765, 0.08546175617028784
0.4762116729694179, 0.0840798516220891
nan, nan
nan, nan
nan, nan
nan, nan
nan, nan
0.1457805417401163, 0.0
0.1457805417401163, 0.0
0.1457805417401163, 0.0
0.14578054174011626, 2.7755575615628914e-17
0.14578054174011632, 2.7755575615628914e-17
nan, nan
0.5325553043186992, 0.0
0.5325553043186992, 0.0
0.5152765220667266, 0.0526078400277276
0.48892474132572467, 0.074962436966399
0.4796309541461087, 0.0784937260207069
0.47985356067524976, 0.07844067776612255
0.4793100516594057, 0.07908937466748092
0.47374737614383533, 0.08309909668247735
0.4733915544274082, 0.08305751817637268
nan, nan
nan, nan
nan, nan
nan, nan
nan, nan
nan, nan
0.46548118389574467, 0.0
0.46548118389574467, 0.0
0.4654811838957447, 5.551115123125783e-17
0.46548118389574444, 2.220446049250313e-16
nan, nan
nan, nan
0.36345357271696666, 0.0
0.36345357271696666, 0.0
0.4081150747509961, 0.07025628641531569
0.4224156840975398, 0.07822874260813731
0.40710114678343357, 0.0712637768242164
0.41001776709323207, 0.07840417785558404
0.40716844791248247, 0.08009002776045135
0.4052856797644137, 0.08282526545821128
nan, nan
nan, nan
nan, nan
nan, nan
nan, nan
nan, nan
nan, nan
nan, nan
nan, nan
nan, nan
nan, nan
0.3634535727169667, 5.551115123125783e-17
0.3630563566758414, 0.0035264860323064484
0.36250278062628466, 0.004547222085758443
0.36216641216791956, 0.006044124307521251
0.3633117715494856, 0.014164103904473835
0.36255678848778866, 0.016699593952884846
0.3606615305979441, 0.019555561059623673
0.35879504947226476, 0.02495686414925441
0.35768635976742635, 0.0276057008457587
nan, nan
nan, nan
nan, nan
nan, nan
nan, nan
nan, nan
nan, nan
nan, nan
nan, nan
nan, nan
0.33124371907854144, 0.0
0.34308117303708396, 0.016740687932137913
0.3543682089560927, 0.016393118560255254
0.35746517695561186, 0.015176441759123721
0.3571947259575969, 0.028620039196030324
0.35734865778830616, 0.032389560366489656
0.35779164483915715, 0.040645790652105405
0.3587418693342782, 0.038374579215327664
0.3577155189137554, 0.03958653074322984
0.3566315208464857, 0.03948154625696037