nan, nan
nan, nan
nan, nan
nan, nan
nan, nan
nan, nan
nan, nan
nan, nan
nan, nan
nan, nan
nan, nan
nan, nan
nan, nan
nan, nan
nan, nan
nan, nan
nan, nan
nan, nan
nan, nan
nan, nan
nan, nan
nan, nan
nan, nan
nan, nan
nan, nan
nan, nan
nan, nan
nan, nan
nan, nan
nan, nan
nan, nan
nan, nan
nan, nan
nan, nan
nan, nan
nan, nan
nan, nan
nan, nan
nan, nan
nan, nan
nan, nan
nan, nan
nan, nan
nan, nan
nan, nan
nan, nan
nan, nan
nan, nan
nan, nan
nan, nan
nan, nan
nan, nan
nan, nan
nan, nan
nan, nan
nan, nan
nan, nan
nan, nan
nan, nan
nan, nan
nan, nan
nan, nan
nan, nan
nan, nan
nan, nan
nan, nan
nan, nan
nan, nan
nan, nan
nan, nan
nan, nan
nan, nan
nan, nan
nan, nan
nan, nan
nan, nan
nan, nan
nan, nan
nan, nan
nan, nan
nan, nan
nan, nan
nan, nan
nan, nan
nan, nan
nan, nan
nan, nan
nan, nan
nan, nan
nan, nan
nan, nan
nan, nan
nan, nan
nan, nan
nan, nan
nan, nan
nan, nan
nan, nan
nan, nan
nan, nan
nan, nan
nan, nan
nan, nan
nan, nan
nan, nan
nan, nan
nan, nan
nan, nan
nan, nan
nan, nan
nan, nan
nan, nan
nan, nan
nan, nan
nan, nan
nan, nan
nan, nan
nan, nan
nan, nan
nan, nan
nan, nan
nan, nan
nan, nan
nan, nan
nan, nan
nan, nan
nan, nan
nan, nan
nan, nan
-0.3018003572777634, 0.0
nan, nan
nan, nan
nan, nan
nan, nan
nan, nan
nan, nan
nan, nan
nan, nan
nan, nan
nan, nan
nan, nan
nan, nan
nan, nan
nan, nan
nan, nan
nan, nan
nan, nan
-0.27228952877108986, 0.0
-0.27228952877108986, 0.0
-0.27228952877108986, 0.0
nan, nan
nan, nan
nan, nan
nan, nan
nan, nan
nan, nan
nan, nan
nan, nan
nan, nan
nan, nan
nan, nan
nan, nan
nan, nan
nan, nan
nan, nan
nan, nan
nan, nan
nan, nan
-0.22431918925120364, 0.07748116802656012
-0.26971173486686895, 0.05131833933195188
nan, nan
nan, nan
nan, nan
nan, nan
nan, nan
nan, nan
nan, nan
nan, nan
nan, nan
nan, nan
nan, nan
nan, nan
nan, nan
nan, nan
nan, nan
-0.14683802122464354, 0.0
-0.20733260051718616, 0.041333485636491404
-0.20856162193313754, 0.040884041011617085
-0.21127922523815496, 0.03958277043550988
-0.21417274428425664, 0.038198752703827187
nan, nan
nan, nan
nan, nan
nan, nan
nan, nan
nan, nan
nan, nan
nan, nan
nan, nan
nan, nan
nan, nan
nan, nan
nan, nan
-0.2348827244552973, 0.0
-0.2348827244552973, 0.0
-0.22621309565843362, 0.02672159057796477
-0.2279689698451401, 0.024115694077685924
-0.22706547961654494, 0.026550750202697405
-0.22573662586012133, 0.02823531251116732
-0.22785153500434524, 0.02453996563014579
nan, nan
nan, nan
nan, nan
nan, nan
nan, nan
nan, nan
nan, nan
nan, nan
nan, nan
nan, nan
nan, nan
nan, nan
-0.2348827244552973, 0.0
-0.2348827244552973, 0.0
-0.2348827244552973, 0.0
-0.2348827244552973, 0.0
-0.23221470314527745, 0.017495385721982573
-0.23156028282395189, 0.019467731374001214
-0.23025771391705335, 0.022779110594928924
-0.2304225889546076, 0.02237651887982354
nan, nan
nan, nan
nan, nan
nan, nan
nan, nan
nan, nan
nan, nan
nan, nan
nan, nan
nan, nan
nan, nan
nan, nan
nan, nan
nan, nan
nan, nan
-0.2348827244552973, 0.0
-0.23488272445529731, 2.7755575615628914e-17
-0.2290903097690701, 0.024575134224454818
-0.22912686065970464, 0.03445664376714685
-0.22796192237371665, 0.03798099995510689
nan, nan
nan, nan
nan, nan
nan, nan
nan, nan
nan, nan
nan, nan
nan, nan
nan, nan
nan, nan
nan, nan
nan, nan
nan, nan
-0.044551091357590694, 0.1903316330977066
-0.15772618005881286, 0.16354028486204264
-0.20002209852496988, 0.12402738167698404
-0.21565887601544234, 0.10253710686674253
-0.21873706511513033, 0.09559537419461915
-0.22012816761234297, 0.09142051550628588
-0.22295492711636083, 0.08207540367712121
nan, nan
nan, nan
nan, nan
nan, nan
nan, nan
nan, nan
nan, nan
nan, nan
nan, nan
nan, nan
nan, nan
nan, nan
-0.2348827244552973, 0.0
-0.2348827244552973, 0.0
-0.2348827244552973, 0.0
-0.2348827244552973, 0.0
-0.2336957290841169, 0.01415343289535498
-0.23232157911519627, 0.020000205034255116
-0.23168804973645157, 0.025273365489210473
-0.23285516899236777, 0.018290839380978974
nan, nan
nan, nan
nan, nan
nan, nan
nan, nan
nan, nan
nan, nan
nan, nan
nan, nan
nan, nan
nan, nan
nan, nan
-0.2348827244552973, 0.0
-0.23488272445529731, 2.7755575615628914e-17
-0.2348827244552973, 0.0
-0.2348827244552972, 8.326672684688674e-17
-0.2357139993971913, 0.007411877852957275
-0.23592598376433355, 0.008289997189071628
-0.23569758430341647, 0.008922828873117988
-0.23559740918236088, 0.014082415359750196
nan, nan
nan, nan
nan, nan
nan, nan
nan, nan
nan, nan
nan, nan
nan, nan
nan, nan
nan, nan
nan, nan
nan, nan
nan, nan
-0.2348827244552973, 0.0
-0.2348827244552973, 0.0
-0.2348827244552973, 0.0
-0.23488272445529731, 2.7755575615628914e-17
-0.23540377997300407, 0.003968240598413624
-0.23532433784800486, 0.009663179543722193
-0.2352747999880411, 0.009880796589444267
nan, nan
nan, nan
nan, nan
nan, nan
nan, nan
nan, nan
nan, nan
nan, nan
nan, nan
nan, nan
nan, nan
nan, nan
nan, nan
-0.2348827244552973, 0.0
-0.2348827244552973, 0.0
-0.23036761146910992, 0.022575564930936834
-0.23179343662264276, 0.01879140427377707
-0.2313356020878471, 0.020597247951738777
-0.2314551988755752, 0.02004188393449078
-0.22993192739637142, 0.023575852101226286
nan, nan
nan, nan
nan, nan
nan, nan
nan, nan
nan, nan
nan, nan
nan, nan
nan, nan
nan, nan
nan, nan
-0.12482684541698041, 0.0
-0.1615121384297527, 0.05188083891829351
-0.15784360912847548, 0.05043393963679908
-0.17539306011026112, 0.05484676051784923
-0.17729793118070322, 0.05479015603092397
-0.1787638180323615, 0.055204392003356376
-0.17884164847030848, 0.05514874127958038
-0.17632689927582035, 0.054888174561197524
-0.17995030726425243, 0.05577257672652852
nan, nan
nan, nan
nan, nan
nan, nan
nan, nan
nan, nan
nan, nan
nan, nan
nan, nan
nan, nan
nan, nan
nan, nan
nan, nan
-0.1211583161157033, 0.003668529301277125
-0.1439031977836221, 0.04560794946210559
-0.15148482500626168, 0.05038885211764188
-0.15018149096758002, 0.04949870333524298
-0.15322059520353876, 0.050949829447411436
-0.1523489958690782, 0.05037938878623198
-0.14967575624809729, 0.04881218188368329
nan, nan
nan, nan
nan, nan
nan, nan
nan, nan
nan, nan
nan, nan
nan, nan
nan, nan
nan, nan
nan, nan
nan, nan
nan, nan
-0.3018003572777638, 0.0
-0.24082757110695133, 0.07233061397011434
-0.24016703259010086, 0.06821954439721402
-0.23609088892201507, 0.07161685600000893
-0.2293286188981178, 0.07130186717630595
-0.2307608537521662, 0.07252202638782126
-0.2340154123659293, 0.07270559995500679
nan, nan
nan, nan
nan, nan
nan, nan
nan, nan
nan, nan
nan, nan
nan, nan
nan, nan
nan, nan
nan, nan
nan, nan
-0.2348827244552973, 0.0
-0.23488272445529731, 2.7755575615628914e-17
-0.2348827244552973, 0.0
-0.2348827244552972, 8.326672684688674e-17
-0.2327308331103901, 0.015043793219475873
-0.2320460612087315, 0.017318993436101066
-0.23180752123915727, 0.019035929590754622
-0.2315496915776622, 0.018692344821496655
nan, nan
nan, nan
nan, nan
nan, nan
nan, nan
nan, nan
nan, nan
nan, nan
nan, nan
nan, nan
nan, nan
nan, nan
nan, nan
-0.2348827244552973, 0.0
-0.2348827244552973, 0.0
-0.23488272445529731, 2.7755575615628914e-17
-0.23373555843669713, 0.02033870461373509
-0.23341721520335929, 0.018435663538567317
-0.23360104684999025, 0.017370270297765864
-0.23200092506687486, 0.02110576881981239
nan, nan
nan, nan
nan, nan
nan, nan
nan, nan
nan, nan
nan, nan
nan, nan
nan, nan
nan, nan
nan, nan
nan, nan
-0.2348827244552973, 0.0
-0.2348827244552973, 0.0
-0.2348827244552973, 0.0
-0.2348827244552972, 8.326672684688674e-17
-0.23433923863288583, 0.006896061999802571
-0.2344102510659069, 0.008303305635265138
-0.2341062294779396, 0.011323926820496977
-0.23397375924036826, 0.01024884841610916
nan, nan
nan, nan
nan, nan
nan, nan
nan, nan
nan, nan
nan, nan
nan, nan
nan, nan
nan, nan
nan, nan
nan, nan
nan, nan
nan, nan
nan, nan
nan, nan
-0.3018003572777638, 0.0
-0.30180035727776383, 5.551115123125783e-17
-0.3018003572777638, 0.0
-0.3015591882292454, 0.0029438434035337453
nan, nan
nan, nan
nan, nan
nan, nan
nan, nan
nan, nan
nan, nan
nan, nan
nan, nan
nan, nan
nan, nan
nan, nan
nan, nan
nan, nan
nan, nan
-0.3018003572777638, 0.0
-0.3018003572777638, 0.0
-0.3018003572777638, 0.0
-0.3018003572777638, 0.0
-0.3018003572777638, 0.0
nan, nan
nan, nan
nan, nan
nan, nan
nan, nan
nan, nan
nan, nan
nan, nan
nan, nan
nan, nan
nan, nan
nan, nan
nan, nan
nan, nan
nan, nan
nan, nan
nan, nan
-0.2919634144422058, 0.013911537970334934
-0.28494355950104017, 0.045578252223624376
-0.2754079658743265, 0.05929685781738818
nan, nan
nan, nan
nan, nan
nan, nan
nan, nan
nan, nan
nan, nan
nan, nan
nan, nan
nan, nan
nan, nan
nan, nan
nan, nan
nan, nan
-0.27228952877108986, 0.0
-0.27228952877108986, 0.0
-0.27228952877108986, 0.0
-0.27228952877108986, 0.0
-0.27228952877108986, 0.0
-0.27228952877108986, 0.0
nan, nan
nan, nan
nan, nan
nan, nan
nan, nan
nan, nan
nan, nan
nan, nan
nan, nan
nan, nan
nan, nan
nan, nan
nan, nan
nan, nan
nan, nan
nan, nan
nan, nan
nan, nan
nan, nan
nan, nan
nan, nan
nan, nan
nan, nan
nan, nan
nan, nan
nan, nan
nan, nan
nan, nan
nan, nan
nan, nan
nan, nan
nan, nan
nan, nan
nan, nan
nan, nan
nan, nan
nan, nan
nan, nan
nan, nan
-0.2471992272618006, 0.05018060301857853
nan, nan
nan, nan
nan, nan
nan, nan
nan, nan
nan, nan
nan, nan
nan, nan
nan, nan
nan, nan
nan, nan
nan, nan
nan, nan
nan, nan
nan, nan
nan, nan
nan, nan
nan, nan
nan, nan
nan, nan
nan, nan
nan, nan
nan, nan
nan, nan
nan, nan
nan, nan
nan, nan
nan, nan
nan, nan
nan, nan
nan, nan
nan, nan
nan, nan
nan, nan
nan, nan
nan, nan
nan, nan
nan, nan
nan, nan
nan, nan
nan, nan
nan, nan
nan, nan
nan, nan
nan, nan
nan, nan
nan, nan
nan, nan
nan, nan
nan, nan
nan, nan
-0.27228952877108986, 0.0
-0.27228952877108986, 0.0
-0.27228952877108986, 0.0
-0.27228952877108986, 0.0
-0.27228952877108986, 0.0
-0.27228952877108986, 0.0
-0.27228952877108986, 0.0
-0.27228952877108986, 0.0
-0.2722895287710898, 5.551115123125783e-17
nan, nan
nan, nan
nan, nan
nan, nan
nan, nan
nan, nan
nan, nan
nan, nan
nan, nan
nan, nan
nan, nan
nan, nan
nan, nan
nan, nan
-0.27228952877108986, 0.0
-0.27228952877108986, 0.0
-0.27228952877108986, 0.0
-0.27228952877108986, 0.0
-0.27228952877108986, 0.0
-0.2722895287710898, 5.551115123125783e-17
nan, nan
nan, nan
nan, nan
nan, nan
nan, nan
nan, nan
nan, nan
nan, nan
nan, nan
nan, nan
nan, nan
nan, nan
-0.27228952877108986, 0.0
-0.27228952877108986, 0.0
-0.27228952877108986, 0.0
-0.27228952877108986, 0.0
-0.27228952877108986, 0.0
-0.27228952877108986, 0.0
-0.27228952877108986, 0.0
-0.2722895287710898, 5.551115123125783e-17
nan, nan
nan, nan
nan, nan
nan, nan
nan, nan
nan, nan
nan, nan
nan, nan
nan, nan
nan, nan
nan, nan
nan, nan
-0.27228952877108986, 0.0
-0.27228952877108986, 0.0
-0.27228952877108986, 0.0
-0.27228952877108986, 0.0
-0.27228952877108986, 0.0
-0.27228952877108986, 0.0
-0.2722895287710898, 5.551115123125783e-17
-0.27228952877108986, 0.0
nan, nan
nan, nan
nan, nan
nan, nan
nan, nan
nan, nan
nan, nan
nan, nan
nan, nan
nan, nan
nan, nan
nan, nan
nan, nan
nan, nan
nan, nan
nan, nan
-0.27228952877108986, 0.0
-0.27228952877108986, 0.0
-0.27228952877108986, 0.0
-0.27228952877108986, 0.0
nan, nan
nan, nan
nan, nan
nan, nan
nan, nan
nan, nan
nan, nan
nan, nan
nan, nan
nan, nan
nan, nan
-0.27228952877108986, 0.0
-0.27228952877108986, 0.0
-0.27228952877108986, 0.0
-0.27228952877108986, 0.0
-0.27228952877108986, 0.0
-0.27228952877108986, 0.0
-0.27228952877108986, 0.0
-0.2722895287710898, 5.551115123125783e-17
-0.27228952877108986, 0.0
nan, nan
nan, nan
nan, nan
nan, nan
nan, nan
nan, nan
nan, nan
nan, nan
nan, nan
nan, nan
nan, nan
nan, nan
nan, nan
nan, nan
-0.27228952877108986, 0.0
-0.27228952877108986, 0.0
-0.27228952877108986, 0.0
-0.27228952877108986, 0.0
-0.27228952877108986, 0.0
-0.27228952877108986, 0.0
nan, nan
nan, nan
nan, nan
nan, nan
nan, nan
nan, nan
nan, nan
nan, nan
nan, nan
nan, nan
nan, nan
nan, nan
nan, nan
nan, nan
nan, nan
-0.20956377499786671, 0.06272575377322316
-0.2006029530302634, 0.06208239570187298
-0.220378560131181, 0.06178641119970687
-0.21022404609021642, 0.06272227856594201
-0.20768825412092645, 0.06269770815475778
nan, nan
nan, nan
nan, nan
nan, nan
nan, nan
nan, nan
nan, nan
nan, nan
nan, nan
nan, nan
nan, nan
nan, nan
nan, nan
-0.14683802122464354, 0.0
-0.14683802122464354, 0.0
-0.1593831719792882, 0.037635452263933895
-0.15548984933129498, 0.03178884630534898
-0.1578667251847707, 0.03552372766252563
-0.15759100758576752, 0.03511910639448077
-0.15852391507828514, 0.03646166323425892
nan, nan
nan, nan
nan, nan
nan, nan
nan, nan
nan, nan
nan, nan
nan, nan
nan, nan
nan, nan
nan, nan
nan, nan
nan, nan
-0.14683802122464354, 0.0
-0.19701862424322208, 0.061458436190341345
-0.2006029530302634, 0.06208239570187298
-0.19885449996341395, 0.06180478634099035
-0.19427766693548457, 0.06083465366650982
-0.19276835458864303, 0.06043537076660034
-0.19353657202338556, 0.06064362251081149
nan, nan
nan, nan
nan, nan
nan, nan
nan, nan
nan, nan
nan, nan
nan, nan
nan, nan
nan, nan
nan, nan
nan, nan
nan, nan
nan, nan
-0.20956377499786671, 0.06272575377322316
-0.1782008981112551, 0.05432209623913886
-0.2095637749978667, 0.06272575377322316
-0.20740081797120383, 0.06268845031837865
-0.21095768063727166, 0.062710264020234
-0.21226858162874487, 0.06266740945266987
nan, nan
nan, nan
nan, nan
nan, nan
nan, nan
nan, nan
nan, nan
nan, nan
nan, nan
nan, nan
nan, nan
nan, nan
nan, nan
-0.14683802122464354, 0.0
-0.14683802122464354, 0.0
-0.14683802122464354, 0.0
-0.15254036247675476, 0.026131410426268823
-0.16230464544269857, 0.04124433124814674
-0.16320126133939739, 0.04224970430295658
-0.1653864953133868, 0.044529632225050526
nan, nan
nan, nan
nan, nan
nan, nan
nan, nan
nan, nan
nan, nan
nan, nan
nan, nan
nan, nan
nan, nan
nan, nan
-0.14683802122464354, 0.0
-0.14683802122464354, 0.0
-0.15206516737241213, 0.025068512272431287
-0.15221451440520556, 0.02540831548714042
-0.15296443027585852, 0.026963137090029787
-0.15319876806021382, 0.02746900595971797
-0.1523060196855721, 0.02561385646513264
-0.15395695923169286, 0.02902416625444763
nan, nan
nan, nan
nan, nan
nan, nan
nan, nan
nan, nan
nan, nan
nan, nan
nan, nan
nan, nan
nan, nan
nan, nan
nan, nan
-0.23047235958894108, 0.059138407797445024
-0.2252452134411725, 0.06073394993550009
-0.23807548125842268, 0.05587130562758304
-0.23214504635622701, 0.058520136451132056
-0.23136972373448078, 0.05881344052268308
-0.23378067993563006, 0.057862437743793266
-0.2340838022523398, 0.058063109596433155
nan, nan
nan, nan
nan, nan
nan, nan
nan, nan
nan, nan
nan, nan
nan, nan
nan, nan
nan, nan
nan, nan
nan, nan
nan, nan
nan, nan
-0.14683802122464354, 0.0
-0.2095637749978667, 0.06272575377322316
-0.22449847827720554, 0.06092187476085356
-0.2200180672934039, 0.061848427296241675
-0.22141518469695495, 0.061595976123147655
-0.22358482584129308, 0.061138615617832515
nan, nan
nan, nan
nan, nan
nan, nan
nan, nan
nan, nan
nan, nan
nan, nan
nan, nan
nan, nan
nan, nan
nan, nan
nan, nan
nan, nan
-0.14683802122464354, 0.0
-0.14683802122464354, 0.0
-0.1747161340127427, 0.05215517332145419
-0.17909698030801552, 0.05482968728476819
-0.18585404031803593, 0.058072098875716995
-0.18763169325897747, 0.05876652088577051
nan, nan
nan, nan
nan, nan
nan, nan
nan, nan
nan, nan
nan, nan
nan, nan
nan, nan
nan, nan
nan, nan
nan, nan
nan, nan
-0.14683802122464354, 0.0
-0.14683802122464354, 0.0
-0.14683802122464354, 0.0
-0.14791949973797497, 0.011597565007436706
-0.14857077685373812, 0.014641528738808146
-0.14825644279237976, 0.01326390607117983
-0.14778601750333206, 0.010864109046097041
nan, nan
nan, nan
nan, nan
nan, nan
nan, nan
nan, nan
nan, nan
nan, nan
nan, nan
nan, nan
nan, nan
-0.20956377499786671, 0.06272575377322316
-0.2252452134411725, 0.06073394993550008
-0.21438883298042233, 0.06253989927945196
-0.20691339103561784, 0.06266973473114175
-0.2106546576721836, 0.06271626711954319
-0.21263856684949528, 0.06265034590078634
-0.21732196033297588, 0.062244122186156
-0.2158126205818322, 0.06241371736474902
-0.21513585972391444, 0.062477772513308806
nan, nan
nan, nan
nan, nan
nan, nan
nan, nan
nan, nan
nan, nan
nan, nan
nan, nan
nan, nan
nan, nan
nan, nan
nan, nan
nan, nan
-0.27228952877108986, 0.0
-0.27228952877108986, 0.0
-0.27228952877108986, 0.0
-0.27228952877108986, 0.0
-0.27228952877108986, 0.0
-0.2726727862841635, 0.0033411615376818422
nan, nan
nan, nan
nan, nan
nan, nan
nan, nan
nan, nan
nan, nan
nan, nan
nan, nan
nan, nan
nan, nan
nan, nan
-0.14683802122464354, 0.0
-0.14683802122464354, 0.0
-0.14683802122464357, 2.7755575615628914e-17
-0.14683802122464354, 0.0
-0.1486049438661428, 0.01478313544120416
-0.14862169194805278, 0.01485202679665628
-0.14900846253167552, 0.016357699060105185
-0.14978434834872575, 0.018998429827725035
nan, nan
nan, nan
nan, nan
nan, nan
nan, nan
nan, nan
nan, nan
nan, nan
nan, nan
nan, nan
nan, nan
nan, nan
-0.20956377499786671, 0.06272575377322316
-0.18865519040679232, 0.059138407797445024
-0.1871617200788584, 0.05858897611176318
-0.19183693154021664, 0.060168756073621724
-0.19522645984970144, 0.06106522398846343
-0.19471227340810637, 0.060942211044138904
-0.19931446882577145, 0.06188272706829968
-0.19892421676291494, 0.061816826083066496
nan, nan
nan, nan
nan, nan
nan, nan
nan, nan
nan, nan
nan, nan
nan, nan
nan, nan
nan, nan
nan, nan
nan, nan
nan, nan
nan, nan
nan, nan
-0.27228952877108986, 0.0
-0.27228952877108986, 0.0
-0.2705226061295906, 0.01478313544120416
-0.2699770585859019, 0.01687469562779297
-0.2705710149690837, 0.01458207315553439
nan, nan
nan, nan
nan, nan
nan, nan
nan, nan
nan, nan
nan, nan
nan, nan
nan, nan
nan, nan
nan, nan
nan, nan
nan, nan
nan, nan
-0.27228952877108986, 0.0
-0.27228952877108986, 0.0
-0.27228952877108986, 0.0
-0.26706238262332127, 0.025068512272431284
-0.2605807214000882, 0.03649371680456621
-0.25590171922673427, 0.04227664971424982
nan, nan
nan, nan
nan, nan
nan, nan
nan, nan
nan, nan
nan, nan
nan, nan
nan, nan
nan, nan
nan, nan
-0.14683802122464354, 0.0
-0.14683802122464354, 0.0
-0.14683802122464354, 0.0
-0.15101973814285838, 0.022519234781369715
-0.15217638324789662, 0.02532207445203652
-0.1527916520912546, 0.02667294972618409
-0.15279656522877516, 0.02668340460756414
-0.1529922461231485, 0.027095798700092592
-0.15349075268543996, 0.028112921498291667
nan, nan
nan, nan
nan, nan
nan, nan
nan, nan
nan, nan
nan, nan
nan, nan
nan, nan
nan, nan
nan, nan
nan, nan
-0.20956377499786671, 0.06272575377322316
-0.20956377499786671, 0.06272575377322316
-0.19074604886589977, 0.05983655546270447
-0.18577124770457518, 0.05803822732834797
-0.18498701767151612, 0.05771051191716022
-0.1863320143411174, 0.05826495930837449
-0.18797735599361537, 0.05889436900920083
-0.188167052245133, 0.05896355180839827
nan, nan
nan, nan
nan, nan
nan, nan
nan, nan
nan, nan
nan, nan
nan, nan
nan, nan
nan, nan
nan, nan
nan, nan
-0.14683802122464354, 0.0
-0.14683802122464354, 0.0
-0.14683802122464354, 0.0
-0.14865615901517176, 0.014992748304549828
-0.14978289229380895, 0.018993847676095226
-0.1496353961785094, 0.018523217822576835
-0.15020692360121055, 0.02028014740316978
-0.14956522791043586, 0.018294658614370553
nan, nan
nan, nan
nan, nan
nan, nan
nan, nan
nan, nan
nan, nan
nan, nan
nan, nan
nan, nan
nan, nan
nan, nan
nan, nan
-0.20956377499786671, 0.06272575377322316
-0.2252452134411725, 0.06073394993550008
-0.220378560131181, 0.06178641119970687
-0.22966037572132653, 0.059419246257259556
-0.2285541408191177, 0.059781988862817874
-0.23031214054992902, 0.05919480985134603
-0.22962650028816436, 0.05943069274663614
nan, nan
nan, nan
nan, nan
nan, nan
nan, nan
nan, nan
nan, nan
nan, nan
nan, nan
nan, nan
nan, nan
nan, nan
nan, nan
nan, nan
-0.14683802122464354, 0.0
-0.14683802122464357, 2.7755575615628914e-17
-0.14989781409163, 0.019351829256027905
-0.15066860160774115, 0.021584224279924107
-0.15075838083547002, 0.021827638530637666
-0.15040022452534513, 0.020837333848273604
nan, nan
nan, nan
nan, nan
nan, nan
nan, nan
nan, nan
nan, nan
nan, nan
nan, nan
nan, nan
nan, nan
nan, nan
nan, nan
nan, nan
-0.14683802122464354, 0.0
-0.16251945966794934, 0.04148918632075497
-0.15803904868414767, 0.03577321294929168
-0.15729231352018078, 0.03467296499300011
-0.15656487767456684, 0.03355051518134015
-0.1552565123437922, 0.03148549128462406
nan, nan
nan, nan
nan, nan
nan, nan
nan, nan
nan, nan
nan, nan
nan, nan
nan, nan
nan, nan
nan, nan
nan, nan
nan, nan
nan, nan
-0.27228952877108986, 0.0
-0.27228952877108986, 0.0
-0.22403894894553358, 0.06103269226901109
-0.20127924148064857, 0.062176255040176785
-0.1968776674931699, 0.061429495055700195
-0.19740762116584673, 0.061536559137079526
nan, nan
nan, nan
nan, nan
nan, nan
nan, nan
nan, nan
nan, nan
nan, nan
nan, nan
nan, nan
nan, nan
-0.14683802122464354, 0.0
-0.1782008981112551, 0.05432209623913886
-0.18268130909505678, 0.05667321424979601
-0.1772505079025699, 0.0537621889067682
-0.1752421361408201, 0.052502812235017335
-0.17502491057843372, 0.05236016645346961
-0.17413153400670137, 0.051759796027061385
-0.17224195150279895, 0.05041430032661393
-0.17747899045913362, 0.05389885701498775
nan, nan
nan, nan
nan, nan
nan, nan
nan, nan
nan, nan
nan, nan
nan, nan
nan, nan
nan, nan
nan, nan
-0.27228952877108986, 0.0
-0.27228952877108986, 0.0
-0.2566080903277841, 0.04148918632075497
-0.25138094418001544, 0.04675301645894697
-0.249403105097076, 0.048449437186258985
-0.2511326236979362, 0.04697393962794423
-0.2531064832575524, 0.04515565749768748
-0.256451275943351, 0.04166632262998773
-0.25998409427290337, 0.037313691731352204
nan, nan
nan, nan
nan, nan
nan, nan
nan, nan
nan, nan
nan, nan
nan, nan
nan, nan
nan, nan
nan, nan
nan, nan
nan, nan
nan, nan
-0.14683802122464354, 0.0
-0.14683802122464354, 0.0
-0.14683802122464354, 0.0
-0.14683802122464354, 0.0
-0.1468380212246436, 5.551115123125783e-17
-0.14683802122464357, 2.7755575615628914e-17
nan, nan
nan, nan
nan, nan
nan, nan
nan, nan
nan, nan
nan, nan
nan, nan
nan, nan
nan, nan
nan, nan
nan, nan
-0.27228952877108986, 0.0
-0.22210892575251134, 0.061458436190341345
-0.21526611624997785, 0.06246601868747111
-0.21438883298042236, 0.06253989927945196
-0.2147654228717437, 0.06250970361324079
-0.21559080471984898, 0.06243552753960971
-0.21484491860707322, 0.06255321446284938
-0.2193774374410805, 0.062003605355694144
nan, nan
nan, nan
nan, nan
nan, nan
nan, nan
nan, nan
nan, nan
nan, nan
nan, nan
nan, nan
nan, nan
nan, nan
nan, nan
-0.27228952877108986, 0.0
-0.24719922726180057, 0.05018060301857853
-0.2454070628682799, 0.05147600315737137
-0.2455977186548247, 0.05134272188875651
-0.23456634818020042, 0.05752731108509302
-0.23355565316919166, 0.05795610380478763
-0.23454163597542416, 0.05753804521709814
nan, nan
nan, nan
nan, nan
nan, nan
nan, nan
nan, nan
nan, nan
nan, nan
nan, nan
nan, nan
nan, nan
nan, nan
-0.27228952877108986, 0.0
-0.27228952877108986, 0.0
-0.27228952877108986, 0.0
-0.27228952877108986, 0.0
-0.27228952877108986, 0.0
-0.27194676508926896, 0.006548490946395656
-0.27164947005911816, 0.008937933496077893
-0.27228952877108986, 0.0
nan, nan
nan, nan
nan, nan
nan, nan
nan, nan
nan, nan
nan, nan
nan, nan
nan, nan
nan, nan
nan, nan
-0.27228952877108986, 0.0
-0.2608848462668675, 0.03606477270441564
-0.26550836620101165, 0.028367638279067447
-0.2680369352949391, 0.022702636659469554
-0.26820980494844116, 0.022252266344247682
-0.2677980550441183, 0.023308556667321966
-0.26786027717354904, 0.02395017692998671
-0.26777079836431233, 0.02572090277816341
-0.2661937491806753, 0.03206477578741711
nan, nan
nan, nan
nan, nan
nan, nan
nan, nan
nan, nan
nan, nan
nan, nan
nan, nan
nan, nan
nan, nan
nan, nan
nan, nan
-0.14683802122464354, 0.0
-0.14683802122464354, 0.0
-0.14683802122464357, 2.7755575615628914e-17
-0.14683802122464354, 0.0
-0.14683802122464357, 2.7755575615628914e-17
-0.1475847563886105, 0.009649945007744394
-0.14798108735262938, 0.011920267144999507
nan, nan
nan, nan
nan, nan
nan, nan
nan, nan
nan, nan
nan, nan
nan, nan
nan, nan
nan, nan
nan, nan
nan, nan
-0.14683802122464354, 0.0
-0.18865519040679232, 0.059138407797445024
-0.17956450145415132, 0.05508687478218705
-0.16906993395439357, 0.04790374749395862
-0.1656491683929827, 0.04461278127512588
-0.16712680997213647, 0.04606582273246368
-0.1640507744232289, 0.043163491113579276
-0.16393078912784687, 0.04303662146365103
nan, nan
nan, nan
nan, nan
nan, nan
nan, nan
nan, nan
nan, nan
nan, nan
nan, nan
nan, nan
nan, nan
nan, nan
nan, nan
nan, nan
nan, nan
-0.27228952877108986, 0.0
-0.27228952877108986, 0.0
-0.27228952877108986, 0.0
-0.2684294823850454, 0.021664456610450206
-0.2686356013668244, 0.021095959704519947
nan, nan
nan, nan
nan, nan
nan, nan
nan, nan
nan, nan
nan, nan
nan, nan
nan, nan
nan, nan
nan, nan
nan, nan
nan, nan
nan, nan
nan, nan
nan, nan
nan, nan
nan, nan
-0.14683802122464354, 0.0
-0.14683802122464354, 0.0
nan, nan
nan, nan
nan, nan
nan, nan
nan, nan
nan, nan
nan, nan
nan, nan
nan, nan
nan, nan
nan, nan
nan, nan
nan, nan
-0.20956377499786671, 0.06272575377322316
-0.22210892575251134, 0.061458436190341345
-0.2200180672934039, 0.061848427296241675
-0.20191429283040047, 0.062257574711746
-0.19667492148282084, 0.061387275892376185
-0.1967268765512536, 0.06139816141131884
-0.20017083217395765, 0.062018487659131094
nan, nan
nan, nan
nan, nan
nan, nan
nan, nan
nan, nan
nan, nan
nan, nan
nan, nan
nan, nan
nan, nan
nan, nan
nan, nan
nan, nan
nan, nan
nan, nan
-0.27228952877108986, 0.0
-0.27228952877108986, 0.0
-0.27228952877108986, 0.0
-0.27228952877108986, 0.0
nan, nan
nan, nan
nan, nan
nan, nan
nan, nan
nan, nan
nan, nan
nan, nan
nan, nan
nan, nan
nan, nan
nan, nan
nan, nan
-0.24719922726180057, 0.05018060301857853
-0.2566080903277841, 0.04148918632075497
-0.25894362371295726, 0.03868010764325492
-0.25931178661111265, 0.03820543844725991
-0.2585539622514059, 0.03917246149123361
-0.2604202665590739, 0.036716991332404664
-0.26240304239839946, 0.03380232673194347
nan, nan
nan, nan
nan, nan
nan, nan
nan, nan
nan, nan
nan, nan
nan, nan
nan, nan
nan, nan
nan, nan
nan, nan
nan, nan
nan, nan
nan, nan
nan, nan
nan, nan
nan, nan
-0.27228952877108986, 0.0
-0.27228952877108986, 0.0
nan, nan
nan, nan
nan, nan
nan, nan
nan, nan
nan, nan
nan, nan
nan, nan
nan, nan
nan, nan
nan, nan
nan, nan
nan, nan
nan, nan
nan, nan
nan, nan
-0.27228952877108986, 0.0
-0.27228952877108986, 0.0
-0.27228952877108986, 0.0
-0.27228952877108986, 0.0
nan, nan
nan, nan
nan, nan
nan, nan
nan, nan
nan, nan
0.051262561044326284, 0.0
0.07816510925369298, 0.06349370669055236
0.08674883257551282, 0.06897154582047943
0.0813097762394906, 0.0670268120154542
nan, nan
nan, nan
nan, nan
nan, nan
nan, nan
nan, nan
nan, nan
nan, nan
nan, nan
nan, nan
nan, nan
nan, nan
nan, nan
nan, nan
nan, nan
0.19688483165852674, 0.14562227061420044
0.16717032939730717, 0.11030851434554884
0.14662010369154282, 0.101180525324141
0.14406539335383722, 0.09422240221094878
0.1410087991170012, 0.09242387271060053
nan, nan
nan, nan
nan, nan
nan, nan
nan, nan
nan, nan
nan, nan
nan, nan
nan, nan
nan, nan
nan, nan
nan, nan
nan, nan
nan, nan
nan, nan
nan, nan
nan, nan
0.1862993777056294, 3.795517880871664e-16
0.20011112710068726, 0.0391443234212187
0.1795118173240488, 0.058521381772129503
nan, nan
nan, nan
nan, nan
nan, nan
nan, nan
nan, nan
nan, nan
nan, nan
nan, nan
nan, nan
nan, nan
nan, nan
nan, nan
nan, nan
0.04392550244177243, 0.0
0.04392550244177243, 0.0
0.0714394722013516, 0.08906420552444802
0.07974170339388516, 0.09026456364360826
0.07783149415752166, 0.08166401610997977
0.08326220702405628, 0.08714658405265342
nan, nan
nan, nan
nan, nan
nan, nan
nan, nan
nan, nan
nan, nan
nan, nan
nan, nan
nan, nan
nan, nan
0.04392550244177243, 0.0
0.04392550244177243, 0.0
0.04392550244177243, 0.0
0.04618540522373841, 0.01779449229970129
0.04532132474828082, 0.014027840569595464
0.045870921119670505, 0.01844208201012579
0.04782106574831868, 0.024825069866668006
0.050939467993450414, 0.033303883330442305
0.054022780288575274, 0.0406841230573929
nan, nan
nan, nan
nan, nan
nan, nan
nan, nan
nan, nan
nan, nan
nan, nan
nan, nan
nan, nan
0.04392550244177243, 0.0
0.04392550244177243, 0.0
0.04392550244177243, 0.0
0.04392550244177243, 0.0
0.043967927610562736, 0.023815871422038188
0.04594300771505845, 0.031271346623821375
0.04588113064481096, 0.03241555019970149
0.044230859673805654, 0.03549455769255783
0.04465607596688364, 0.035750707442400005
0.04217778267067772, 0.03633746795362226
nan, nan
nan, nan
nan, nan
nan, nan
nan, nan
nan, nan
nan, nan
nan, nan
nan, nan
nan, nan
-0.025776554282495, 0.06970205672426744
-0.039716965627348486, 0.06829378919879373
-0.04901057319058414, 0.0657157292965052
-0.02868080664600614, 0.06964152518291106
-0.025320985284297173, 0.06970056792079156
-0.02296346679138107, 0.06964526725026139
-0.020204508250821023, 0.07130702293413646
-0.02042857039060747, 0.07148007776224863
-0.016105880036941935, 0.07263650087085756
-0.019750081838096883, 0.07264071291131359
nan, nan
nan, nan
nan, nan
nan, nan
nan, nan
nan, nan
nan, nan
nan, nan
nan, nan
nan, nan
nan, nan
nan, nan
nan, nan
nan, nan
nan, nan
0.1862993777056285, 0.0
0.1862993777056285, 0.0
0.1862993777056285, 0.0
0.1862993777056285, 0.0
0.18294418461829254, 0.024203945273407267
nan, nan
nan, nan
nan, nan
nan, nan
nan, nan
nan, nan
nan, nan
nan, nan
nan, nan
nan, nan
nan, nan
nan, nan
nan, nan
nan, nan
nan, nan
0.1862993777056285, 0.0
0.1862993777056285, 0.0
0.18502297566551199, 0.008477128291908591
0.18595901597341785, 0.019908432692750583
0.18590126136502352, 0.028291170699595875
nan, nan
nan, nan
nan, nan
nan, nan
nan, nan
nan, nan
nan, nan
nan, nan
nan, nan
nan, nan
nan, nan
nan, nan
nan, nan
nan, nan
0.1862993777056285, 0.0
0.27085024350649456, 0.0845508658008661
0.27085024350649456, 0.0845508658008661
0.2560643235036323, 0.09248498355016875
0.24947313449164424, 0.09324389322488529
0.2506316881161592, 0.09271841842849998
nan, nan
nan, nan
nan, nan
nan, nan
nan, nan
nan, nan
nan, nan
nan, nan
nan, nan
nan, nan
nan, nan
nan, nan
nan, nan
0.186998145191584, 0.0
0.21684133990435558, 0.06704439589013465
0.20478876538406415, 0.0665782910427797
0.20340587125471196, 0.06768511459361046
0.20353453531316656, 0.07104599723735973
0.2028014681374313, 0.07033108960768963
0.2000206859299951, 0.06777419125306117
nan, nan
nan, nan
nan, nan
nan, nan
nan, nan
nan, nan
nan, nan
nan, nan
nan, nan
0.4654811838957453, 0.0
nan, nan
nan, nan
nan, nan
nan, nan
nan, nan
nan, nan
nan, nan
nan, nan
0.186998145191584, 0.0
0.186998145191584, 0.0
nan, nan
nan, nan
nan, nan
nan, nan
nan, nan
nan, nan
nan, nan
nan, nan
nan, nan
0.4654811838957453, 0.0
nan, nan
nan, nan
nan, nan
nan, nan
0.366756080954169, 0.0
0.366756080954169, 0.0
0.366756080954169, 0.0
0.35903286137253276, 0.03276684563260646
0.3593753051355477, 0.03879802815157663
0.3565161452505326, 0.04734972496864867
nan, nan
nan, nan
nan, nan
nan, nan
nan, nan
nan, nan
0.4654811838957453, 0.0
0.4654811838957453, 0.0
0.4654811838957452, 5.551115123125783e-17
0.46548118389574517, 1.1102230246251565e-16
nan, nan
nan, nan
0.3755322678313757, 0.0
0.37333822111207404, 0.0038002003920103184
0.37302478586645954, 0.0039646771004648125
0.3744352444717249, 0.0029024509920646904
0.3738225335291271, 0.003574502838295685
0.3742449384743885, 0.0031881274773050867
0.3742926604584093, 0.0031287677682219975
0.3738355417699718, 0.013813711670700925
nan, nan
nan, nan
nan, nan
nan, nan
nan, nan
nan, nan
nan, nan
nan, nan
nan, nan
0.4654811838957453, 0.0
nan, nan
nan, nan
0.3327119626651067, 0.12737117096713507
0.3847316665639151, 0.1078624770223038
0.3773200866272927, 0.10546666965797714
0.3682903465860639, 0.10372055502083005
0.3766707532527578, 0.10106742617700946
0.3799211085906622, 0.09644029051158738
0.37979373160936303, 0.09719352584983013
0.3805880945510015, 0.09545784134764365
nan, nan
nan, nan
nan, nan
nan, nan
0.4654811838957453, 0.0
0.4654811838957453, 0.0
0.4654811838957453, 0.0
0.4654811838957451, 1.6653345369377348e-16
0.46548118389574517, 1.1102230246251565e-16
0.46506999127105964, 0.008161940553003908
nan, nan
nan, nan
nan, nan
nan, nan
nan, nan
nan, nan
nan, nan
0.4600831336322418, 0.0
0.4600831336322418, 0.0
0.4600831336322418, 0.0
nan, nan
nan, nan
nan, nan
0.4654811838957452, 5.551115123125783e-17
0.4654811838957453, 0.0
0.46548118389574505, 2.220446049250313e-16
0.4654811838957453, 0.0
0.4654811838957452, 5.551115123125783e-17
0.4654745360505932, 0.00018931774462490722
0.4654811838957453, 0.0
nan, nan
nan, nan
nan, nan
nan, nan
nan, nan
nan, nan
nan, nan
nan, nan
nan, nan
nan, nan
nan, nan
nan, nan
nan, nan
0.4654811838957453, 0.0
0.4654811838957453, 0.0
0.4654811838957453, 0.0
0.4654811838957452, 5.551115123125783e-17
0.4653864812595434, 0.0007086896365831297
0.4653681357226877, 0.0007729552580396206
0.4653636220025292, 0.0007878986038295646
nan, nan
nan, nan
nan, nan
nan, nan
nan, nan
nan, nan
0.5428454874154757, 0.0
0.5428454874154757, 0.0
0.5428454874154757, 0.0
0.5428454874154757, 0.0
nan, nan
nan, nan
nan, nan
nan, nan
nan, nan
nan, nan
nan, nan
nan, nan
nan, nan
nan, nan
nan, nan
nan, nan
nan, nan
nan, nan
nan, nan
nan, nan
nan, nan
nan, nan
nan, nan
nan, nan
nan, nan
nan, nan
nan, nan
nan, nan
nan, nan
nan, nan
0.4654811838957453, 0.0
0.4654811838957453, 0.0
0.4654811838957453, 0.0
0.4654811838957453, 0.0
nan, nan
nan, nan
nan, nan
nan, nan
nan, nan
nan, nan
nan, nan
nan, nan
nan, nan
nan, nan
nan, nan
nan, nan
nan, nan
nan, nan
nan, nan
nan, nan
0.4654811838957453, 0.0
0.4654811838957453, 0.0
0.4654811838957453, 0.0
0.4654811838957452, 5.551115123125783e-17
nan, nan
nan, nan
nan, nan
nan, nan
nan, nan
nan, nan
nan, nan
nan, nan
nan, nan
nan, nan
nan, nan
nan, nan
nan, nan
nan, nan
nan, nan
0.4654811838957453, 0.0
0.4654811838957452, 5.551115123125783e-17
0.4654811838957453, 0.0
0.4654811838957452, 5.551115123125783e-17
0.4654811838957453, 0.0
nan, nan
nan, nan
nan, nan
0.4600831336322418, 0.0
0.43848289965560544, 0.043200467953272745
0.44102410365285677, 0.04117221041985871
0.43515190000602716, 0.049656187368772225
0.43752543468274413, 0.05069874824213833
0.4359584153118926, 0.05334946152552232
0.43733139538403815, 0.05310241317863794
nan, nan
nan, nan
nan, nan
0.4654811838957453, 0.0
0.46556248094397257, 0.00014081061803499764
0.4630895032470391, 0.009811386459170965
0.46459933930798336, 0.006144629972443318
0.4636420725983479, 0.008650372457386493
0.46350036628924796, 0.012679583969861082
0.46377194910709707, 0.012262886966821743
nan, nan
0.3520819637490599, 0.0
0.3793338957014051, 0.06675332778829465
0.37409313955672335, 0.06094618607160729
0.3782997116062269, 0.06397904078967169
0.382883168139593, 0.06860928950538991
0.3838646856687281, 0.07055006277689375
0.38757035134832984, 0.0744471373084387
0.3874869874123421, 0.07516583215477711
0.38838353732302383, 0.07596990044233891
nan, nan
nan, nan
nan, nan
nan, nan
0.17382812500000017, 0.0
0.16681622918502909, 0.012144959808909467
0.16120671253305222, 0.013953496492393393
0.16086119350258773, 0.01735352926649714
0.1610165687569188, 0.018149701827618492
0.16191486165347033, 0.021018092518186537
nan, nan
nan, nan
nan, nan
nan, nan
nan, nan
0.3520819637490597, 0.0
0.3520819637490597, 0.0
0.3153966707362876, 0.06354079138867284
0.3312292708786419, 0.07754820133050166
0.3361589855052182, 0.07869311142903727
nan, nan
nan, nan
nan, nan
nan, nan
0.24569461401202056, 0.0
0.23944998449502652, 0.024185346122553186
0.2364433110238812, 0.028961159306697026
0.23655962101238748, 0.030413574346362136
0.23416518264252947, 0.03425413102170909
0.23658918142097285, 0.0318828417117399
nan, nan
nan, nan
nan, nan
nan, nan
nan, nan
0.5218706919320764, 0.010684612386621606
0.5254322293942836, 0.010073549163906558
0.46927311148171136, 0.11721393280042904
0.465778649744605, 0.11953915171212047
0.47241421148243684, 0.11262707154585473
nan, nan
nan, nan
nan, nan
nan, nan
nan, nan
0.19710946556491152, 0.046373144848264235
0.19904648065150465, 0.04848948078972522
0.20303873028232208, 0.047772025113492836
0.20362317984309689, 0.047783940891477465
0.20127904678515127, 0.04796537437730552
nan, nan
nan, nan
nan, nan
nan, nan
0.2053407916979712, 0.0
0.31612732642100977, 0.1567039774252454
0.38216085384399967, 0.16208639497932528
0.39099302782749323, 0.15824250594312728
0.3722141333809878, 0.15183982123363765
0.37074536567143695, 0.15006427780239073
nan, nan
nan, nan
nan, nan
0.4654811838957453, 0.0
0.4654811838957453, 0.0
0.43641748915432443, 0.09190747260274837
0.4289439676493876, 0.10171530526674209
0.4230719150383659, 0.10844226298836371
0.4338500249545522, 0.0954566478023567
0.43880301813446837, 0.08841550880376346
nan, nan
nan, nan
nan, nan
0.5428454874154757, 0.0
0.5272769161382057, 0.04062846841998043
0.5316961215813774, 0.04560726596663068
0.5349324358437888, 0.04587004171886893
0.5379175658569638, 0.0470084908969772
0.5387799244998405, 0.04987175147807679
0.5382941722867987, 0.05323380155591196
nan, nan
nan, nan
nan, nan
nan, nan
nan, nan
nan, nan
0.4654811838957453, 0.0
0.4654811838957453, 0.0
0.4654811838957453, 0.0
0.4654811838957453, 0.0
nan, nan
0.6694471822820046, 0.0
0.6483468998042498, 0.04718166596470748
0.6536219704236885, 0.04186957502201478
0.6415948094113681, 0.05244428412088522
0.6328496808475056, 0.060636687124297074
0.6297873743962882, 0.06312347181373379
0.6307555323285245, 0.061623174297250484
0.6331662738483242, 0.05905792472673044
0.6309185856837788, 0.059217598391191006
nan, nan
nan, nan
nan, nan
nan, nan
nan, nan
0.4654811838957453, 0.0
0.4654811838957453, 0.0
0.4655015081578021, 7.871552847000316e-05
0.46549924990646224, 7.448807042043119e-05
0.4654998728723493, 7.56845868236093e-05
nan, nan
nan, nan
nan, nan
nan, nan
nan, nan
0.6061463348487401, 0.06330084743326447
0.6151893130534922, 0.0626515908094743
0.6199073886385802, 0.061786978275058496
0.6122722233100241, 0.0630037362092863
0.6124224806408373, 0.06505195589792588
nan, nan
nan, nan
nan, nan
nan, nan
nan, nan
nan, nan
nan, nan
nan, nan
nan, nan
nan, nan
nan, nan
nan, nan
nan, nan
0.6061463348487401, 0.06330084743326447
0.5720612631539055, 0.053340464689833764
0.5654324333710077, 0.0615698362469893
0.5594622736343675, 0.06846149207279215
0.5582267293687629, 0.0703102761787907
0.559190327832031, 0.0676449744901237
0.5615341756247466, 0.06495061211984236
nan, nan
0.4654811838957453, 0.0
0.4654811838957453, 0.0
0.465510746458737, 9.348503252607513e-05
0.4655206006464009, 0.000106132849221182
0.465512318935492, 9.568362770782207e-05
0.4655108463322606, 9.362699390496202e-05
0.46550638907969377, 8.695474065437303e-05
0.4653033280740456, 0.005708303557803272
0.46529369933085557, 0.005776150599407526
nan, nan
nan, nan
0.40608254869065086, 0.054000584941590934
0.41642784291355517, 0.06915593134939738
0.40132397776268197, 0.05879861975537028
0.40992337824851016, 0.059913121813967414
0.413027903862052, 0.06009903903441506
0.41426752798407795, 0.06162950692384932
0.4102989985052477, 0.06359237511171839
0.4152622130087636, 0.0659546257876248
nan, nan
nan, nan
nan, nan
nan, nan
0.4654811838957453, 0.0
0.4654811838957453, 0.0
0.4654811838957452, 5.551115123125783e-17
0.4655245423214665, 0.00011054272941554936
0.4655302689059955, 0.00011641532352303695
0.4655326377237373, 0.00011867889841049195
nan, nan
0.4600831336322418, 0.0
0.4420829386517115, 0.040249659584716276
0.42597750103755283, 0.05020213187852165
0.4273823380272899, 0.0493879582244588
0.42859304012052607, 0.04963184837017864
0.4276547722361134, 0.05237547402688867
0.42701495685516766, 0.05471678717314219
0.42829392476410794, 0.05723456662905196
0.4294572755527736, 0.06116930652575129
nan, nan
nan, nan
nan, nan
nan, nan
0.4654811838957453, 0.0
0.4654811838957453, 0.0
0.46549829906379314, 7.26135083266709e-05
0.4655071989511779, 8.8221345237016e-05
0.4655071046937307, 8.80752501413505e-05
0.4655133012481314, 9.701886135778365e-05
nan, nan
nan, nan
0.3520819637490599, 0.0
0.3993448957952962, 0.10125922285573975
0.3960853832403832, 0.09843640989734172
0.3822705763317585, 0.08719511674031266
0.3731135696513817, 0.07631957284834069
0.3731380278712551, 0.07421703392830019
0.37568939111033717, 0.0748845541429116
0.36843302326333077, 0.0623927627892018
nan, nan
nan, nan
nan, nan
nan, nan
nan, nan
nan, nan
nan, nan
nan, nan
nan, nan
nan, nan
nan, nan
0.3520819637490599, 0.0
0.3276251017405451, 0.0546872059673711
0.3384565523502573, 0.05512746818639042
0.33825066194673303, 0.05607288195465869
0.3363886150471362, 0.05686810457336387
0.3368437303062808, 0.05898685832877856
0.3362573301517486, 0.06092015938791957
0.34234781852398094, 0.06541643723466933
0.33754885568801757, 0.0643708953752147
nan, nan
nan, nan
nan, nan
nan, nan
nan, nan
nan, nan
nan, nan
nan, nan
0.3056308628179306, 0.1598503210778147
0.3056308628179306, 0.1598503210778147
nan, nan
nan, nan
0.23879487927822887, 0.07440107894222522
0.2606662833059302, 0.08468881092581904
0.26795271714858254, 0.0831687911585424
0.27155553794149523, 0.08195332237091243
0.2731306049968402, 0.08237703837505846
0.2740399502860128, 0.08443786069670557
0.27540043615751114, 0.08670650275380344
0.27523105162627687, 0.08638915424462724
nan, nan
nan, nan
nan, nan
nan, nan
0.4654811838957453, 0.0
0.4655276393518752, 0.00011379216328641783
0.46550441162381023, 8.374876455064778e-05
0.4654987616359024, 7.353296273185325e-05
0.4655038714440879, 8.284321334447921e-05
0.465498026312111, 7.206447081037656e-05
0.2053407916979712, 0.0
0.22630381627669818, 0.05134871368330334
0.24536111134826807, 0.06535290832420426
0.25593910974528183, 0.06923511014009547
0.2600966158325653, 0.0705904112502319
0.2620414454186822, 0.07162190367575798
0.2629483701330569, 0.07262459636489517
0.264972103495708, 0.07178456643672597
0.2671177092908453, 0.07229977638386703
0.2687148664398275, 0.07304538054906738
nan, nan
nan, nan
nan, nan
nan, nan
nan, nan
nan, nan
0.2895543715308924, 0.17592681236485286
0.2975926171744115, 0.1682729854189164
0.31034512379313717, 0.16485691701333044
0.3105523452374954, 0.1631332157879125
nan, nan
0.3520819637490599, 0.0
0.3520819637490599, 0.0
0.35208196374906, 5.551115123125783e-17
0.3509738755043866, 0.011969314688746025
0.3504484247342141, 0.017213203430358294
0.3504242372561667, 0.021094037184805018
0.3506135384189742, 0.022226059588417627
0.35091790032477904, 0.027111412639504152
0.35099906198654773, 0.028074835184781637
nan, nan
nan, nan
nan, nan
0.4654811838957453, 0.0
0.4654811838957453, 0.0
0.4654811838957452, 5.551115123125783e-17
0.46549134602677367, 5.6580350990378895e-05
0.46549924990646246, 7.448807042043117e-05
0.46549829906379314, 7.26135083266709e-05
0.465497485103359, 7.095936073885808e-05
nan, nan
nan, nan
nan, nan
0.4516701949322593, 0.07810575584246478
0.4118349024589795, 0.07772117631045762
0.4325216028351849, 0.08779824115460926
0.43641698803759693, 0.08926078319112901
0.4402354605924345, 0.09112198784482468
0.438539794209336, 0.09161815182424572
0.43851461860023594, 0.09002223734904284
nan, nan
nan, nan
0.4656437779921998, 0.00016259409645452694
0.46572507504042704, 0.00014081061803499767
0.4657278783869176, 0.0001391544602596854
0.46572418166627083, 0.0001413226429053791
0.4657183930912578, 0.00014446254599183788
0.4657148742701172, 0.00014622639798667975
0.4657215222131267, 0.0001428029282414832
0.4657263944681761, 0.00014004055876468922
nan, nan
nan, nan
0.4876705848933199, 0.03901454772472336
0.4941639296518993, 0.06378658454268653
0.49427260956876, 0.0818815754975589
0.4914399779537312, 0.08618544475333662
0.49292808135203636, 0.08523041238546249
0.4891020919700218, 0.08723602581941246
0.48752204617828976, 0.08681865026424605
0.49184733219567345, 0.08552100724733773
nan, nan
nan, nan
nan, nan
0.46580637208865433, 0.0
0.4657250750404271, 0.00014081061803499764
0.4657453993024839, 0.0001269249758637396
0.46574587195974093, 0.00012654509865481724
0.46573599553944267, 0.0001339132711211767
0.4657304948436423, 0.00013753918669883955
0.46572083871781483, 0.00014317291912077963
nan, nan
nan, nan
nan, nan
0.3520819637490599, 0.0
0.3603897460477662, 0.02877900207916134
0.3680503792157045, 0.04329478897348077
0.3693146023198775, 0.04268907621873885
0.3722854214810505, 0.049291530754843924
0.37025663874701975, 0.04506056666137467
0.37104049373627473, 0.04477924104339314
nan, nan
nan, nan
nan, nan
nan, nan
nan, nan
nan, nan
0.1457805417401159, 0.0
0.22570570227902326, 0.13843443885648662
0.3056308628179306, 0.1598503210778147
0.3001187827807646, 0.15975525694744547
nan, nan
nan, nan
0.3520819637490599, 0.0
0.3972781707971465, 0.0677699975981648
0.4038948670070706, 0.07282447547445971
0.399942206133308, 0.07023148839624516
0.40187288257301834, 0.07161827583649487
0.4028763332221929, 0.07286051330331399
0.39877112416337607, 0.07185223227048387
0.39743697759840263, 0.07430692144381919