nan, nan
nan, nan
nan, nan
nan, nan
nan, nan
nan, nan
nan, nan
nan, nan
nan, nan
nan, nan
nan, nan
nan, nan
nan, nan
nan, nan
nan, nan
nan, nan
nan, nan
nan, nan
nan, nan
nan, nan
nan, nan
nan, nan
nan, nan
nan, nan
nan, nan
nan, nan
nan, nan
nan, nan
nan, nan
nan, nan
nan, nan
nan, nan
nan, nan
nan, nan
nan, nan
nan, nan
nan, nan
nan, nan
nan, nan
nan, nan
nan, nan
nan, nan
nan, nan
nan, nan
nan, nan
nan, nan
nan, nan
nan, nan
nan, nan
nan, nan
nan, nan
nan, nan
nan, nan
nan, nan
nan, nan
nan, nan
nan, nan
nan, nan
nan, nan
nan, nan
nan, nan
nan, nan
nan, nan
nan, nan
nan, nan
nan, nan
nan, nan
nan, nan
nan, nan
nan, nan
nan, nan
nan, nan
nan, nan
nan, nan
nan, nan
nan, nan
nan, nan
nan, nan
nan, nan
nan, nan
nan, nan
nan, nan
nan, nan
nan, nan
nan, nan
nan, nan
nan, nan
nan, nan
nan, nan
nan, nan
nan, nan
nan, nan
nan, nan
nan, nan
nan, nan
nan, nan
nan, nan
nan, nan
nan, nan
nan, nan
nan, nan
nan, nan
nan, nan
nan, nan
nan, nan
nan, nan
nan, nan
nan, nan
nan, nan
nan, nan
nan, nan
nan, nan
nan, nan
nan, nan
nan, nan
nan, nan
nan, nan
nan, nan
nan, nan
nan, nan
nan, nan
nan, nan
nan, nan
nan, nan
nan, nan
nan, nan
nan, nan
nan, nan
nan, nan
nan, nan
nan, nan
nan, nan
nan, nan
nan, nan
nan, nan
nan, nan
nan, nan
nan, nan
nan, nan
nan, nan
nan, nan
nan, nan
nan, nan
nan, nan
nan, nan
nan, nan
nan, nan
nan, nan
nan, nan
nan, nan
nan, nan
nan, nan
nan, nan
nan, nan
nan, nan
nan, nan
nan, nan
nan, nan
nan, nan
nan, nan
nan, nan
nan, nan
nan, nan
nan, nan
nan, nan
nan, nan
nan, nan
nan, nan
nan, nan
nan, nan
nan, nan
nan, nan
nan, nan
nan, nan
nan, nan
nan, nan
nan, nan
nan, nan
nan, nan
nan, nan
nan, nan
nan, nan
nan, nan
nan, nan
nan, nan
nan, nan
nan, nan
nan, nan
nan, nan
nan, nan
nan, nan
nan, nan
nan, nan
nan, nan
nan, nan
nan, nan
nan, nan
nan, nan
nan, nan
nan, nan
nan, nan
nan, nan
nan, nan
nan, nan
nan, nan
nan, nan
nan, nan
nan, nan
nan, nan
nan, nan
nan, nan
nan, nan
nan, nan
nan, nan
nan, nan
nan, nan
nan, nan
nan, nan
nan, nan
nan, nan
nan, nan
nan, nan
nan, nan
nan, nan
nan, nan
nan, nan
nan, nan
nan, nan
nan, nan
nan, nan
nan, nan
nan, nan
nan, nan
nan, nan
nan, nan
nan, nan
nan, nan
nan, nan
nan, nan
nan, nan
nan, nan
nan, nan
nan, nan
nan, nan
nan, nan
nan, nan
nan, nan
nan, nan
nan, nan
nan, nan
nan, nan
nan, nan
nan, nan
nan, nan
nan, nan
nan, nan
nan, nan
nan, nan
nan, nan
nan, nan
nan, nan
nan, nan
nan, nan
nan, nan
nan, nan
nan, nan
nan, nan
nan, nan
nan, nan
nan, nan
nan, nan
nan, nan
nan, nan
nan, nan
nan, nan
nan, nan
nan, nan
nan, nan
nan, nan
nan, nan
nan, nan
nan, nan
nan, nan
nan, nan
nan, nan
nan, nan
nan, nan
nan, nan
nan, nan
nan, nan
nan, nan
nan, nan
nan, nan
nan, nan
nan, nan
nan, nan
nan, nan
nan, nan
nan, nan
nan, nan
nan, nan
nan, nan
nan, nan
nan, nan
nan, nan
nan, nan
nan, nan
nan, nan
nan, nan
nan, nan
nan, nan
nan, nan
nan, nan
nan, nan
0.2917342408100229, 0.0717193319069432
0.30607810719141154, 0.07027030714612786
0.2987983433633753, 0.0741441324831252
0.30295665640941966, 0.07286298269937881
0.3035093048144627, 0.07344916423548593
0.3032510825911985, 0.07399936139331495
nan, nan
nan, nan
nan, nan
nan, nan
nan, nan
nan, nan
nan, nan
nan, nan
nan, nan
nan, nan
nan, nan
0.33175781230035206, 0.06505534995319634
0.3387442260509888, 0.057983594166113726
0.34545467655663553, 0.059333757064669576
0.34862828324152656, 0.0561570744050133
0.3488357323854275, 0.05731124202451632
0.3496613793898837, 0.052284593150343305
0.35238265669173374, 0.04425516629743547
0.35189955255522676, 0.045267584117926696
0.3543206849417225, 0.04145917135263196
nan, nan
nan, nan
nan, nan
nan, nan
nan, nan
nan, nan
nan, nan
nan, nan
nan, nan
nan, nan
nan, nan
nan, nan
nan, nan
nan, nan
0.2016722623966932, 9.34391909990421e-17
0.24329260077904102, 0.07011940826553979
0.25326660306243964, 0.07500602654594839
0.25083368615697077, 0.07428745798589517
0.2469835261046434, 0.07278646833046347
0.24579715919476852, 0.07288851051228415
nan, nan
nan, nan
nan, nan
nan, nan
nan, nan
nan, nan
nan, nan
nan, nan
nan, nan
nan, nan
nan, nan
nan, nan
nan, nan
nan, nan
0.33087769801446737, 0.12920543561777403
0.3190476384208549, 0.11495319508941405
0.33794405353838447, 0.1105596178614153
0.33793987913807355, 0.11288653136147897
0.333979065305622, 0.11359189581859835
0.3305591705273897, 0.11249016859163108
nan, nan
nan, nan
nan, nan
nan, nan
nan, nan
nan, nan
nan, nan
nan, nan
nan, nan
nan, nan
nan, nan
nan, nan
0.25236617977080616, 0.05069391737411287
0.22996914609314917, 0.053638660045562704
0.23199135381493083, 0.06544889524175027
0.23797456427787683, 0.0722353742384001
0.23454609072333782, 0.06790037986318942
0.23408141058606394, 0.06820859111645
0.23096092578390362, 0.0637359180498413
0.23155160583875212, 0.06430905495008415
nan, nan
nan, nan
nan, nan
nan, nan
nan, nan
nan, nan
nan, nan
nan, nan
nan, nan
nan, nan
nan, nan
nan, nan
0.30306009714491905, 0.0
0.2872398533755409, 0.049389424132473034
0.2802295332733646, 0.04691068578543603
0.2761479041117295, 0.05964419085698757
0.272293270299307, 0.06387936792497712
0.27217680358011825, 0.06403090661611265
0.27340530196049884, 0.0641624978604753
0.26835720198542057, 0.07387381154024165
nan, nan
nan, nan
nan, nan
nan, nan
nan, nan
nan, nan
nan, nan
nan, nan
nan, nan
0.46548118389574505, 0.0
nan, nan
nan, nan
nan, nan
nan, nan
0.30306009714491905, 0.0
0.29845655039814556, 0.0571233797226419
0.28612774252106266, 0.07510637841446674
0.2702927591326562, 0.0759527151090624
0.2681906487933597, 0.0758376375737268
0.268549731796623, 0.08001634590441564
nan, nan
nan, nan
nan, nan
nan, nan
nan, nan
nan, nan
nan, nan
nan, nan
nan, nan
nan, nan
nan, nan
nan, nan
0.30306009714491905, 0.0
0.37583199841384357, 0.08136145904460922
0.39237106688405365, 0.08152938793130887
0.3977204218423872, 0.08086284366041675
0.394179641553591, 0.08069129163157737
0.3938137143998292, 0.08190218474661425
0.39201518074660263, 0.08386918092530084
0.3972239655174312, 0.0828743738412508
nan, nan
nan, nan
nan, nan
nan, nan
nan, nan
nan, nan
nan, nan
nan, nan
nan, nan
0.30563086281793067, 0.15985032107781438
nan, nan
nan, nan
nan, nan
0.4667968749999992, 0.0
0.4667968749999992, 0.0
0.46679687499999917, 5.551115123125783e-17
0.4667968749999993, 5.551115123125783e-17
0.4667968749999992, 0.0
0.46470538593502325, 0.02207196551025171
0.46429940216629173, 0.025829029099098705
nan, nan
nan, nan
nan, nan
nan, nan
nan, nan
nan, nan
nan, nan
0.46548118389574505, 0.0
0.2920542557638957, 0.12263135692238271
0.27966661804019216, 0.1175194501077802
nan, nan
nan, nan
0.4667968749999992, 0.0
0.4667968749999992, 0.0
0.4667968749999992, 0.0
0.4604993066209578, 0.03148784189520772
0.45274202358204096, 0.04414802397349811
0.44980066644166494, 0.04960271626653795
0.44826385502641636, 0.051322817238084795
0.4513586119311011, 0.0493466374942901
nan, nan
nan, nan
nan, nan
nan, nan
nan, nan
0.46548118389574505, 0.0
0.46548118389574505, 0.0
0.46548118389574505, 0.0
0.46548118389574505, 0.0
0.46077970386404443, 0.03848327260938204
nan, nan
nan, nan
0.4600831336322418, 0.0
0.46344000431612054, 0.0033568706838787155
0.46422985624173907, 0.0032626239016903358
0.4630021763271157, 0.011564759653266542
0.46014973375287654, 0.02281072335910042
0.45865028150208725, 0.027286390917161302
0.45957188323111564, 0.0267727289585588
0.45862641983122765, 0.030816831714306138
nan, nan
nan, nan
nan, nan
0.46548118389574505, 0.0
0.46548118389574505, 0.0
0.46548118389574505, 0.0
0.46548118389574505, 0.0
0.4654811838957449, 1.6653345369377348e-16
0.4654811838957451, 5.551115123125783e-17
0.46548118389574517, 1.1102230246251565e-16
nan, nan
nan, nan
nan, nan
nan, nan
nan, nan
0.46232104742149444, 0.0031648880321828005
0.46176156897418136, 0.0029071352894583773
0.4615750761584102, 0.002791168886840092
0.45830155056951466, 0.021742057835827465
0.4562280850720666, 0.028028181975023818
nan, nan
nan, nan
0.46548118389574505, 0.0
0.46548118389574505, 0.0
0.4655325293998886, 0.00011857736255586847
0.46554893143593445, 0.0001320642683186157
0.46555187698116024, 0.00013413069884185157
0.46554511920146957, 0.00012924118234360895
0.4655348767531629, 0.0001207367398024996
0.4655278177979293, 0.00011397400381953803
nan, nan
nan, nan
nan, nan
nan, nan
0.4271032548616116, 0.06403382614626943
0.43471399611637257, 0.057854806427996994
0.4347775810780582, 0.06400537424485495
0.441606034279164, 0.07247762606425695
0.44283196404177905, 0.07623494820002368
0.4421201274078997, 0.07846220459621045
nan, nan
nan, nan
0.4655895799600482, 0.00015329518424529877
0.4655895799600482, 0.00015329518424529877
0.46557223658975966, 0.00014600913649087942
0.46557264307500074, 0.00014620760499031905
0.46556745831427204, 0.00014356931065835139
0.4655548114111208, 0.00013609477452504275
0.4655370156824701, 0.00012263217124016117
0.4655225107649339, 0.0001083102017038931
nan, nan
0.6694471822820046, 0.0
0.5251998822729855, 0.08585460403184812
0.5198099581470119, 0.06769409185392856
0.5031847828304306, 0.061614500813238035
0.4993662024652477, 0.059553092549147674
0.49919776305565033, 0.06299776201707595
0.49667657449892694, 0.060458972684380344
0.4996723092081707, 0.06238813788604337
0.49670874494578693, 0.06411951968534449
nan, nan
nan, nan
nan, nan
nan, nan
nan, nan
nan, nan
0.46548118389574505, 0.0
0.46548118389574505, 0.0
0.46548118389574505, 0.0
0.4654811838957451, 5.551115123125783e-17
nan, nan
nan, nan
0.4600831336322418, 0.0
0.4600831336322418, 0.0
0.42349581595480124, 0.05842834618154731
0.4226424354446796, 0.05968388439205475
0.4214982531712642, 0.0639321680678207
0.4193022693905345, 0.06166784277411695
0.42152160589189247, 0.06317192580070784
0.42259129673788315, 0.06493215481213366
nan, nan
nan, nan
nan, nan
nan, nan
nan, nan
0.46548118389574505, 0.0
0.46548118389574505, 0.0
0.4655312128485004, 0.00011732829422539764
0.4655028631086057, 8.111618693937743e-05
0.4655178248188897, 0.00010282333555695734
nan, nan
0.4600831336322418, 0.0
0.4465829873968441, 0.03571802960186725
0.44130032147864506, 0.04093619002651811
0.43660461844024573, 0.04454735045134383
0.4370404940859773, 0.04463765586836015
0.43663973050515964, 0.0451752134020552
0.4383401372833934, 0.04359204237320325
0.43701064313895566, 0.04555055992234368
0.4395745997914026, 0.044856209703654316
nan, nan
nan, nan
nan, nan
nan, nan
0.46548118389574505, 0.0
0.46548118389574505, 0.0
0.46548118389574505, 0.0
0.46548118389574505, 0.0
0.465481183895745, 5.551115123125783e-17
0.46548118389574517, 1.1102230246251565e-16
nan, nan
0.3520819637490599, 0.0
0.37008215872959016, 0.04024965958471614
0.3853130929438851, 0.049846693792237697
0.38088227571790834, 0.04775991432292602
0.3882981045094369, 0.05211457972145341
0.3899148721622745, 0.05253820299227292
0.3929141770869465, 0.05371295085111239
0.3946808918953337, 0.055459832098382976
0.39501568473995446, 0.05761703413916397
nan, nan
nan, nan
0.46580637208865433, 0.0
0.46580637208865433, 0.0
0.46572507504042715, 0.0001408106180350938
0.4657196552372118, 0.00014380362961783713
0.46571018966539945, 0.00014841270115696132
0.4657205862463531, 0.00014330852136493514
0.46572487128842655, 0.00014092805791956692
0.46573380943403836, 0.0001353926869604753
0.5111860795454548, 0.0
0.485634606588848, 0.025551472956606702
0.48122545134157274, 0.028234731536297214
0.491798082930011, 0.05581895349747308
0.4943573465855354, 0.05734302994644451
0.49313870332016574, 0.05502961777357831
0.491483984005316, 0.0521051095465951
0.49163732237421187, 0.05502244445082021
0.4971364628434374, 0.05896370098030471
0.4952168059220393, 0.05663569997624501
nan, nan
nan, nan
nan, nan
0.46580637208865433, 0.0
0.4657413344500725, 0.00013007527716362157
0.46572507504042704, 0.00014081061803502168
0.4657074017690732, 0.00014962905873599656
0.46568696704907064, 0.00015675313575328238
0.46568272268596145, 0.0001578611764484469
0.4656750380184859, 0.00015956080646093313
nan, nan
0.5428454874154757, 0.0
0.5428454874154757, 0.0
0.5491467944866393, 0.04864953400391698
0.5586263993253936, 0.06102779895731467
0.5528216075625747, 0.06275711825686041
0.5530037365559791, 0.06530482114288005
0.5557132777461395, 0.06588912470156935
0.5569724731037897, 0.06568157083464418
0.5580353856632919, 0.07182424896950232
nan, nan
nan, nan
nan, nan
0.46548118389574505, 0.0
0.46564377799219964, 0.00016259409645463796
0.4656502817560579, 0.00016246396910569763
0.46564377799219964, 0.00016259409645463796
0.4656425554801963, 0.00016258950047989113
0.46562998212947027, 0.0001620077602260101
0.46561799021883726, 0.00016053607366229935
nan, nan
nan, nan
0.43824664969606664, 0.1493328883021336
0.4608087767907353, 0.13715725617749333
0.46380112523947403, 0.13656153165048615
0.4476614537445043, 0.1282312758523613
0.43920952498153415, 0.11848768364781442
0.4354415059133116, 0.11215549221562922
0.42530891206950766, 0.10482223439118514
0.422176458023116, 0.09918573640575573