nan, nan
nan, nan
nan, nan
nan, nan
nan, nan
nan, nan
nan, nan
nan, nan
nan, nan
nan, nan
nan, nan
nan, nan
nan, nan
nan, nan
nan, nan
nan, nan
nan, nan
nan, nan
nan, nan
nan, nan
nan, nan
nan, nan
nan, nan
nan, nan
nan, nan
nan, nan
nan, nan
nan, nan
nan, nan
nan, nan
nan, nan
nan, nan
nan, nan
nan, nan
nan, nan
nan, nan
nan, nan
nan, nan
nan, nan
nan, nan
nan, nan
nan, nan
nan, nan
nan, nan
nan, nan
nan, nan
nan, nan
nan, nan
nan, nan
nan, nan
nan, nan
nan, nan
nan, nan
nan, nan
nan, nan
nan, nan
nan, nan
nan, nan
nan, nan
nan, nan
nan, nan
nan, nan
nan, nan
nan, nan
nan, nan
nan, nan
nan, nan
nan, nan
nan, nan
nan, nan
nan, nan
nan, nan
nan, nan
nan, nan
nan, nan
nan, nan
nan, nan
nan, nan
nan, nan
nan, nan
nan, nan
nan, nan
nan, nan
nan, nan
nan, nan
nan, nan
nan, nan
nan, nan
nan, nan
nan, nan
nan, nan
nan, nan
nan, nan
nan, nan
nan, nan
nan, nan
nan, nan
nan, nan
nan, nan
nan, nan
nan, nan
nan, nan
nan, nan
nan, nan
nan, nan
nan, nan
nan, nan
nan, nan
nan, nan
nan, nan
nan, nan
nan, nan
nan, nan
nan, nan
nan, nan
nan, nan
nan, nan
nan, nan
nan, nan
nan, nan
nan, nan
nan, nan
nan, nan
nan, nan
nan, nan
nan, nan
nan, nan
nan, nan
nan, nan
nan, nan
nan, nan
nan, nan
nan, nan
nan, nan
nan, nan
nan, nan
nan, nan
nan, nan
nan, nan
nan, nan
nan, nan
nan, nan
nan, nan
nan, nan
nan, nan
nan, nan
nan, nan
nan, nan
nan, nan
nan, nan
nan, nan
nan, nan
nan, nan
nan, nan
nan, nan
nan, nan
nan, nan
nan, nan
nan, nan
nan, nan
nan, nan
nan, nan
nan, nan
nan, nan
nan, nan
nan, nan
nan, nan
nan, nan
nan, nan
nan, nan
nan, nan
nan, nan
nan, nan
nan, nan
nan, nan
nan, nan
nan, nan
nan, nan
nan, nan
nan, nan
nan, nan
nan, nan
nan, nan
nan, nan
nan, nan
nan, nan
nan, nan
nan, nan
nan, nan
nan, nan
nan, nan
nan, nan
nan, nan
nan, nan
nan, nan
nan, nan
nan, nan
nan, nan
nan, nan
nan, nan
nan, nan
nan, nan
nan, nan
nan, nan
nan, nan
nan, nan
nan, nan
nan, nan
nan, nan
nan, nan
nan, nan
nan, nan
nan, nan
nan, nan
nan, nan
nan, nan
nan, nan
nan, nan
nan, nan
nan, nan
nan, nan
nan, nan
nan, nan
nan, nan
nan, nan
nan, nan
0.4600831336322412, 0.0
0.46008313363224124, 5.551115123125783e-17
0.46008313363224124, 5.551115123125783e-17
0.460083133632241, 1.6653345369377348e-16
nan, nan
nan, nan
nan, nan
nan, nan
nan, nan
nan, nan
nan, nan
nan, nan
nan, nan
nan, nan
nan, nan
nan, nan
nan, nan
nan, nan
nan, nan
nan, nan
nan, nan
nan, nan
nan, nan
nan, nan
nan, nan
nan, nan
nan, nan
nan, nan
nan, nan
nan, nan
nan, nan
nan, nan
nan, nan
nan, nan
nan, nan
nan, nan
nan, nan
nan, nan
nan, nan
nan, nan
nan, nan
nan, nan
nan, nan
nan, nan
nan, nan
nan, nan
nan, nan
nan, nan
nan, nan
nan, nan
nan, nan
nan, nan
nan, nan
nan, nan
nan, nan
nan, nan
nan, nan
nan, nan
nan, nan
nan, nan
nan, nan
nan, nan
nan, nan
nan, nan
nan, nan
nan, nan
nan, nan
nan, nan
nan, nan
nan, nan
nan, nan
nan, nan
nan, nan
nan, nan
nan, nan
nan, nan
nan, nan
nan, nan
nan, nan
nan, nan
nan, nan
nan, nan
nan, nan
nan, nan
nan, nan
nan, nan
nan, nan
nan, nan
nan, nan
nan, nan
nan, nan
0.3755322678313757, 0.0
0.3755322678313757, 0.0
0.3755322678313757, 0.0
nan, nan
nan, nan
nan, nan
nan, nan
nan, nan
nan, nan
nan, nan
nan, nan
nan, nan
nan, nan
nan, nan
nan, nan
nan, nan
nan, nan
0.366756080954169, 0.0
0.366756080954169, 0.0
0.3484134344477828, 0.0518808389182937
0.3287208962071605, 0.06894181176128578
0.33087520241630275, 0.07068554737701634
0.3265759815000695, 0.07605450049365586
nan, nan
nan, nan
nan, nan
nan, nan
nan, nan
nan, nan
nan, nan
0.4654811838957453, 0.0
0.4654811838957453, 0.0
0.4654811838957452, 5.551115123125783e-17
nan, nan
nan, nan
nan, nan
nan, nan
nan, nan
nan, nan
0.2077864778988219, 0.00864680648638237
0.204292640469034, 0.006418589210413024
0.20449420801306023, 0.006618049096186532
0.20950506820212295, 0.029436866122725443
nan, nan
nan, nan
nan, nan
nan, nan
nan, nan
nan, nan
nan, nan
nan, nan
nan, nan
nan, nan
nan, nan
nan, nan
nan, nan
nan, nan
0.2016722623966931, 0.0
0.2324180317788266, 0.06149153876426693
0.2385591229534922, 0.06417871773758675
0.23892273499369635, 0.06475179993995638
0.23993345997648088, 0.06945619487163678
0.2374541002979295, 0.07334631597700793
nan, nan
nan, nan
nan, nan
nan, nan
nan, nan
nan, nan
nan, nan
nan, nan
nan, nan
nan, nan
nan, nan
0.2016722623966931, 0.0
0.2185702348547308, 0.037785015098091415
0.22331105581163005, 0.04841707146163692
0.21864504251950587, 0.05271227696913032
0.2185503933088332, 0.05219395440536522
0.21897106353908766, 0.05510202770348725
0.21515796505612514, 0.055267656731840455
0.21332987881291934, 0.0559453257409473
0.20687889230097833, 0.05588321589690398
nan, nan
nan, nan
nan, nan
nan, nan
nan, nan
nan, nan
nan, nan
nan, nan
nan, nan
nan, nan
0.2016722623966931, 0.0
0.2016722623966931, 0.0
0.20843145137990818, 0.02529056938764768
0.20775553248158665, 0.02407827666529009
0.20713583581817718, 0.02293278448027483
0.2081670376571997, 0.030541033824846013
0.20968325905561785, 0.03698180730909913
0.21030338764968176, 0.0401171772760904
0.21144034566699027, 0.0417513643961521
0.21445232087214727, 0.04413932822535121
nan, nan
nan, nan
nan, nan
nan, nan
nan, nan
nan, nan
nan, nan
nan, nan
nan, nan
0.4654811838957453, 0.0
nan, nan
0.2163463796018024, 0.16508381855747514
0.21341155616078056, 0.14777207609739326
0.1980037330954161, 0.12851940916684326
0.19223467992643636, 0.1260343749187413
0.18745207825410212, 0.11525364413926242
0.18678480242567524, 0.11177211020124846
0.18819963013105545, 0.10986864139470942
0.1781124930085711, 0.10819678701595152
0.17975351615066457, 0.11068068906577525
nan, nan
nan, nan
nan, nan
nan, nan
nan, nan
nan, nan
nan, nan
nan, nan
nan, nan
nan, nan
nan, nan
0.05126256104432727, 0.0
0.12646741172051018, 0.07520485067618292
0.13482350624008607, 0.07473918148874045
0.12020034083082827, 0.07494326779431675
0.10668557294977687, 0.07267912032479287
0.11096917342050969, 0.07884656903043748
0.11383123500217249, 0.07943709635280037
0.11737049426443306, 0.08102372283970909
0.12167882519268869, 0.08212862169011001
nan, nan
nan, nan
nan, nan
nan, nan
nan, nan
nan, nan
nan, nan
nan, nan
nan, nan
nan, nan
nan, nan
0.2016722623966931, 0.0
0.1847053143782861, 0.0936721710747506
0.1812333134324345, 0.09806237607667379
0.1758615383841357, 0.09677739496269981
0.17275597831053685, 0.10118823902487582
0.17698820040000493, 0.10240521727930789
0.1791378860811788, 0.10366469668778065
0.1844701851559952, 0.10207807844342968
0.18750246398725326, 0.10309724304608185
nan, nan
nan, nan
nan, nan
nan, nan
nan, nan
nan, nan
nan, nan
nan, nan
nan, nan
nan, nan
nan, nan
nan, nan
nan, nan
0.18227314600082548, 0.0
0.14952049976170093, 0.056729247368493434
0.1233183827704013, 0.06517694307985263
0.12658748681250678, 0.06603238477998771
0.12538497882644184, 0.06719668470381125
0.12681288588470702, 0.06950090138929067
0.12937690353548367, 0.07010143145249569
nan, nan
nan, nan
nan, nan
nan, nan
nan, nan
nan, nan
nan, nan
nan, nan
nan, nan
nan, nan
nan, nan
nan, nan
0.35540110930736046, 0.0
0.2976917882051821, 0.08161330457804444
0.2929100962762973, 0.12415178919995837
0.2559114832409158, 0.13075283367850526
0.24795928196508507, 0.1270337578502098
0.23606297548833252, 0.1242081348637502
0.23698820231713497, 0.12317431338956937
0.23322120902650498, 0.11648141503260331
nan, nan
nan, nan
nan, nan
nan, nan
nan, nan
0.4654811838957453, 0.0
0.4654811838957453, 0.0
0.4654811838957453, 0.0
0.4654811838957453, 0.0
0.46548118389574517, 1.1102230246251565e-16
nan, nan
nan, nan
0.36107859513076457, 0.005677485823404466
0.3761812065406553, 0.03736525443008043
0.36701532369146, 0.0838063262916783
0.3328380555352359, 0.09825321146583216
0.3180749309794756, 0.10462284760228253
0.31740727966557675, 0.1038846882467432
0.314600589396339, 0.107376772554059
0.30947317311250444, 0.10929543679092694
nan, nan
nan, nan
0.4658063720886541, 0.0
0.4658063720886541, 0.0
0.4658063720886541, 0.0
0.46580637208865405, 5.551115123125783e-17
0.4658063720886541, 0.0
0.4658063720886541, 0.0
0.46579991139608, 4.537841331130245e-05
0.46579875049038283, 4.9197205293718376e-05
nan, nan
nan, nan
nan, nan
0.4665491660855581, 0.07238461970290438
0.4731021025457788, 0.09976242283060135
0.4772196424210631, 0.10456294442151083
0.4784191573058082, 0.10647103843912945
0.4832950246621537, 0.10333861644895065
0.48267428210847046, 0.10111888552670084
0.48435907591588456, 0.10061705226269448
nan, nan
nan, nan
nan, nan
nan, nan
0.4658063720886541, 0.0
0.4657599166325243, 0.00011379216328634013
0.46575217405650265, 0.00012119048413741051
0.4657390917728799, 0.00013172745884696717
0.4657174717193697, 0.00014493472592040673
0.46571255028509784, 0.00014733367548312823
0.4600831336322418, 0.0
0.4600831336322418, 0.0
0.46008313363224185, 5.551115123125783e-17
0.4600831336322419, 1.7916147020621908e-16
0.47191890722135427, 0.041642903132650025
0.4721664031434249, 0.04280851873973099
0.4723994678180821, 0.043539181908136604
0.4715870277451589, 0.04582883737871289
0.4718255201033603, 0.04723120748266944
0.4704731660493929, 0.04835510051768667
nan, nan
nan, nan
nan, nan
0.4658063720886541, 0.0
0.4658063720886541, 0.0
0.46580637208865405, 5.551115123125783e-17
0.4658063720886541, 0.0
0.4658034943170354, 3.045547213208025e-05
0.4658030538417878, 3.2680941538593116e-05
0.46580257118769797, 3.495084069452843e-05
nan, nan
nan, nan
0.5014643105238585, 0.04138117689161713
0.5073759072226611, 0.04095674334472903
0.4995241123526306, 0.06728881019785998
0.4917070083437358, 0.08174035842090893
0.48227180766411787, 0.09242966922150449
0.47982314768876, 0.09742088043956879
0.4794925752013703, 0.10139339978042189
0.4783269781891816, 0.10454953021406117
nan, nan
nan, nan
nan, nan
nan, nan
0.4654811838957453, 0.0
0.4654811838957452, 5.551115123125783e-17
0.4654910380834092, 5.574370336185071e-05
0.46549613507702853, 6.810587200500862e-05
0.46549171630685166, 5.7568081876474007e-05
0.4654893255736237, 5.0806403118648394e-05
nan, nan
nan, nan
0.5111860795454544, 0.0
0.4618589014619124, 0.05275830582319469
0.46175064657288256, 0.045710143899242175
0.4661897893691708, 0.04506238164435401
0.46181383095906814, 0.05112357495643195
0.4603377414857057, 0.053964239533991154
0.4594021652475236, 0.054395282687299956
0.4635961614222334, 0.052808899013466255
nan, nan
nan, nan
nan, nan
nan, nan
0.4658063720886541, 0.0
0.4658063720886541, 0.0
0.4658063720886541, 0.0
0.46579159080715815, 6.773634132321016e-05
0.4657756939572476, 9.505271362408984e-05
0.46577226143904843, 9.964358528140347e-05
nan, nan
0.4600831336322416, 1.962615573354719e-16
0.4600831336322416, 1.9068706655153886e-16
0.4533330605145428, 0.026142920770530046
0.4528830556400296, 0.026940225004908943
0.4542079593096361, 0.028018255300911992
0.45318597015071765, 0.03609374775919647
0.45312076584764954, 0.03801451600115451
0.4529692415730461, 0.04234976849630478
0.4519909907478216, 0.04853676539237806
nan, nan
nan, nan
nan, nan
0.4654811838957453, 0.0
0.4654811838957452, 5.551115123125783e-17
0.4654811838957453, 0.0
0.4654811838957453, 0.0
0.46548118389574517, 1.1102230246251565e-16
0.4654811838957453, 0.0
0.4654811838957453, 0.0
nan, nan
nan, nan
nan, nan
nan, nan
nan, nan
0.5014643105238588, 0.04138117689161694
0.5152580361543978, 0.039014547724723195
0.5152580361543977, 0.039014547724723195
0.5127500860397544, 0.039812473823415004
0.5152580361543976, 0.039014547724723195
nan, nan
nan, nan
nan, nan
0.4654811838957453, 0.0
0.4654811838957453, 0.0
0.4654811838957453, 0.0
0.46548118389574517, 1.1102230246251565e-16
0.4654811838957453, 0.0
0.4654811838957452, 5.551115123125783e-17
0.46548118389574533, 5.551115123125783e-17
nan, nan
nan, nan
nan, nan
0.4600831336322414, 0.0
0.4845082682694293, 0.04885026927437562
0.4753488427804839, 0.04038926999329299
0.47497650841101463, 0.039963118103660926
0.4717711145706094, 0.0461075416978881
0.4705935195798682, 0.048073741341932756
0.4701608042089198, 0.0502080808215325
nan, nan
0.4654811838957453, 0.0
0.4654811838957453, 0.0
0.4655107464587369, 9.348503252601131e-05
0.46551602548784266, 0.00010057901288207253
0.4655137027150361, 9.755645787264954e-05
0.4655177435150664, 0.00010272366219894234
0.4655176535996229, 0.00010261324377956137
0.4655094422280168, 9.160099706453562e-05
0.46550740192950385, 8.853479386890321e-05
nan, nan
nan, nan
0.4600831336322418, 0.0
0.4694774161850063, 0.03254274936409203
0.46566013558201136, 0.025154986977068815
0.461132307605025, 0.029343815213684867
0.45846715944235267, 0.02958419826091698
0.45807346058254245, 0.029185150185653725
0.45905904202134057, 0.026651968637466668
0.4583972288709037, 0.030644157814790015