nan, nan
nan, nan
nan, nan
nan, nan
nan, nan
nan, nan
nan, nan
nan, nan
nan, nan
nan, nan
nan, nan
nan, nan
nan, nan
nan, nan
nan, nan
nan, nan
nan, nan
nan, nan
nan, nan
nan, nan
nan, nan
nan, nan
nan, nan
nan, nan
nan, nan
nan, nan
nan, nan
nan, nan
nan, nan
nan, nan
nan, nan
nan, nan
nan, nan
nan, nan
nan, nan
nan, nan
nan, nan
nan, nan
nan, nan
nan, nan
nan, nan
nan, nan
nan, nan
nan, nan
nan, nan
nan, nan
nan, nan
nan, nan
nan, nan
nan, nan
nan, nan
nan, nan
nan, nan
nan, nan
nan, nan
nan, nan
nan, nan
nan, nan
nan, nan
nan, nan
nan, nan
nan, nan
nan, nan
nan, nan
nan, nan
nan, nan
nan, nan
nan, nan
nan, nan
nan, nan
nan, nan
nan, nan
nan, nan
nan, nan
nan, nan
nan, nan
nan, nan
nan, nan
nan, nan
nan, nan
nan, nan
nan, nan
nan, nan
nan, nan
nan, nan
nan, nan
nan, nan
nan, nan
nan, nan
nan, nan
nan, nan
nan, nan
nan, nan
nan, nan
nan, nan
nan, nan
nan, nan
nan, nan
nan, nan
nan, nan
nan, nan
nan, nan
nan, nan
nan, nan
nan, nan
nan, nan
nan, nan
nan, nan
nan, nan
nan, nan
nan, nan
nan, nan
nan, nan
nan, nan
nan, nan
nan, nan
nan, nan
nan, nan
nan, nan
nan, nan
nan, nan
nan, nan
nan, nan
nan, nan
nan, nan
nan, nan
nan, nan
nan, nan
nan, nan
nan, nan
nan, nan
nan, nan
nan, nan
nan, nan
nan, nan
nan, nan
nan, nan
nan, nan
nan, nan
nan, nan
nan, nan
nan, nan
nan, nan
nan, nan
nan, nan
nan, nan
nan, nan
nan, nan
nan, nan
nan, nan
nan, nan
nan, nan
nan, nan
nan, nan
nan, nan
nan, nan
nan, nan
nan, nan
nan, nan
nan, nan
nan, nan
nan, nan
nan, nan
nan, nan
nan, nan
nan, nan
nan, nan
nan, nan
nan, nan
nan, nan
nan, nan
nan, nan
nan, nan
nan, nan
nan, nan
nan, nan
nan, nan
nan, nan
nan, nan
nan, nan
nan, nan
nan, nan
nan, nan
nan, nan
nan, nan
nan, nan
nan, nan
nan, nan
nan, nan
0.3554011093073601, 0.0
nan, nan
nan, nan
nan, nan
nan, nan
nan, nan
nan, nan
nan, nan
nan, nan
nan, nan
nan, nan
nan, nan
nan, nan
nan, nan
nan, nan
nan, nan
nan, nan
nan, nan
nan, nan
nan, nan
nan, nan
nan, nan
nan, nan
nan, nan
nan, nan
nan, nan
nan, nan
nan, nan
nan, nan
nan, nan
nan, nan
nan, nan
nan, nan
nan, nan
nan, nan
nan, nan
nan, nan
0.4600831336322414, 0.0
0.4600831336322414, 0.0
0.4600831336322414, 0.0
0.46008313363224135, 5.551115123125783e-17
nan, nan
nan, nan
nan, nan
nan, nan
nan, nan
nan, nan
nan, nan
nan, nan
nan, nan
nan, nan
nan, nan
nan, nan
nan, nan
nan, nan
nan, nan
nan, nan
nan, nan
nan, nan
nan, nan
nan, nan
nan, nan
nan, nan
nan, nan
nan, nan
nan, nan
nan, nan
nan, nan
nan, nan
nan, nan
nan, nan
nan, nan
nan, nan
nan, nan
nan, nan
nan, nan
nan, nan
nan, nan
nan, nan
nan, nan
nan, nan
nan, nan
nan, nan
nan, nan
nan, nan
nan, nan
nan, nan
nan, nan
nan, nan
nan, nan
nan, nan
nan, nan
nan, nan
nan, nan
nan, nan
nan, nan
nan, nan
nan, nan
nan, nan
nan, nan
nan, nan
nan, nan
nan, nan
nan, nan
nan, nan
nan, nan
0.43278960837715863, 0.0
0.43278960837715863, 0.0
0.4327896083771587, 5.551115123125783e-17
0.4263355161726767, 0.015809232653855358
0.4214949470193153, 0.019562927326069613
nan, nan
nan, nan
nan, nan
nan, nan
nan, nan
nan, nan
nan, nan
nan, nan
nan, nan
nan, nan
nan, nan
nan, nan
nan, nan
nan, nan
nan, nan
nan, nan
nan, nan
nan, nan
nan, nan
nan, nan
nan, nan
nan, nan
nan, nan
nan, nan
nan, nan
nan, nan
nan, nan
nan, nan
nan, nan
nan, nan
nan, nan
nan, nan
nan, nan
nan, nan
nan, nan
nan, nan
nan, nan
nan, nan
nan, nan
nan, nan
nan, nan
nan, nan
nan, nan
nan, nan
nan, nan
nan, nan
nan, nan
nan, nan
nan, nan
nan, nan
nan, nan
nan, nan
nan, nan
nan, nan
nan, nan
nan, nan
nan, nan
nan, nan
nan, nan
nan, nan
nan, nan
nan, nan
nan, nan
nan, nan
0.4658063720886541, 0.0
0.4658063720886541, 0.0
0.4658063720886541, 0.0
0.465806372088654, 1.1102230246251565e-16
0.4658063720886541, 0.0
0.4658021488653698, 3.681720702655086e-05
nan, nan
nan, nan
nan, nan
nan, nan
nan, nan
nan, nan
nan, nan
nan, nan
nan, nan
nan, nan
nan, nan
nan, nan
nan, nan
nan, nan
nan, nan
0.46548118389574505, 0.0
0.46548118389574505, 0.0
0.46548118389574505, 0.0
0.4654811838957451, 5.551115123125783e-17
0.465481183895745, 6.753223014464259e-17
nan, nan
nan, nan
nan, nan
nan, nan
nan, nan
nan, nan
nan, nan
nan, nan
nan, nan
nan, nan
nan, nan
nan, nan
nan, nan
nan, nan
0.46548118389574505, 0.0
0.46548118389574505, 0.0
0.46548118389574505, 0.0
0.4654811838957451, 5.551115123125783e-17
0.4654811838957451, 5.551115123125783e-17
0.46548118389574517, 1.1102230246251565e-16
nan, nan
nan, nan
nan, nan
nan, nan
nan, nan
nan, nan
nan, nan
nan, nan
nan, nan
nan, nan
nan, nan
0.46548118389574505, 0.0
0.46548118389574505, 0.0
0.46548118389574505, 0.0
0.46548118389574505, 0.0
0.4654875601348216, 4.508681889575308e-05
0.4654883048050788, 4.759126273162395e-05
0.46548553133147913, 3.7347484154864854e-05
0.46547652121428784, 0.0001914426891339525
0.4654618218267734, 0.0003335357248958592
nan, nan
nan, nan
nan, nan
nan, nan
nan, nan
nan, nan
nan, nan
nan, nan
nan, nan
nan, nan
nan, nan
nan, nan
nan, nan
nan, nan
nan, nan
nan, nan
nan, nan
0.46548118389574505, 0.0
0.46548118389574505, 0.0
0.46548118389574505, 0.0
nan, nan
nan, nan
nan, nan
nan, nan
0.3814301981592781, 0.0
0.3814301981592781, 0.0
0.3814301981592781, 0.0
0.3814301981592781, 0.0
0.3814301981592781, 0.0
0.38143019815927814, 5.551115123125783e-17
nan, nan
nan, nan
nan, nan
0.46548118389574505, 0.0
0.46548118389574505, 0.0
0.4654811838957451, 5.551115123125783e-17
0.465481183895745, 5.551115123125783e-17
0.46548118389574517, 1.1102230246251565e-16
0.4654811838957451, 5.551115123125783e-17
0.4654811838957451, 5.551115123125783e-17
nan, nan
nan, nan
nan, nan
nan, nan
nan, nan
nan, nan
nan, nan
nan, nan
nan, nan
nan, nan
nan, nan
nan, nan
nan, nan
nan, nan
nan, nan
nan, nan
0.46548118389574505, 0.0
0.46548118389574505, 0.0
0.4654811838957451, 5.551115123125783e-17
0.46548118389574494, 1.1102230246251565e-16
nan, nan
nan, nan
nan, nan
nan, nan
nan, nan
nan, nan
nan, nan
nan, nan
nan, nan
nan, nan
nan, nan
0.46548118389574505, 0.0
0.46548118389574505, 0.0
0.46548118389574505, 0.0
0.46548118389574505, 0.0
0.46548118389574494, 1.1102230246251565e-16
0.46548118389574517, 1.1102230246251565e-16
0.46548118389574505, 0.0
0.4654815843738152, 1.140483920213971e-05
0.4654811838957451, 5.551115123125783e-17
nan, nan
nan, nan
nan, nan
nan, nan
nan, nan
nan, nan
nan, nan
0.3520819637490599, 0.0
0.3520819637490599, 0.0
0.3520819637490599, 0.0
nan, nan
nan, nan
nan, nan
nan, nan
0.46548118389574505, 0.0
0.46548118389574505, 0.0
0.46548118389574505, 0.0
0.46548118389574505, 0.0
0.4654237578291122, 0.0005537969311863546
0.4654410496930425, 0.0004637194078835599
nan, nan
nan, nan
nan, nan
nan, nan
nan, nan
nan, nan
nan, nan
nan, nan
nan, nan
0.40021306818181845, 0.0
nan, nan
nan, nan
nan, nan
nan, nan
0.46548118389574505, 0.0
0.46548118389574505, 0.0
0.46548118389574505, 0.0
0.46548118389574505, 0.0
0.4654811838957451, 5.551115123125783e-17
0.46548118389574517, 1.1102230246251565e-16
nan, nan
nan, nan
nan, nan
nan, nan
nan, nan
nan, nan
nan, nan
nan, nan
nan, nan
nan, nan
nan, nan
nan, nan
nan, nan
nan, nan
nan, nan
0.46548118389574505, 0.0
0.46548118389574505, 0.0
0.46548118389574505, 0.0
0.4654811838957451, 5.551115123125783e-17
0.4654811838957451, 5.551115123125783e-17
nan, nan
nan, nan
nan, nan
nan, nan
nan, nan
nan, nan
nan, nan
nan, nan
nan, nan
nan, nan
nan, nan
nan, nan
nan, nan
nan, nan
nan, nan
0.46548118389574505, 0.0
0.465481183895745, 5.551115123125783e-17
0.46548118389574505, 0.0
0.465481183895745, 5.551115123125783e-17
0.46548118389574517, 1.1102230246251565e-16
nan, nan
nan, nan
nan, nan
nan, nan
0.4222789807758819, 0.01051062760127694
0.4249066376762011, 0.0101768714144834
0.42377349381680635, 0.012871741613678137
0.4239204959748187, 0.012689273242936542
0.4242490585055575, 0.012350938967244955
0.4238491268595886, 0.0144962229259983
nan, nan
nan, nan
nan, nan
nan, nan
nan, nan
nan, nan
0.46548118389574505, 0.0
0.46548118389574505, 0.0
0.46548118389574505, 0.0
0.46548118389574494, 1.1102230246251565e-16
nan, nan
nan, nan
nan, nan
nan, nan
nan, nan
nan, nan
nan, nan
nan, nan
nan, nan
nan, nan
nan, nan
nan, nan
nan, nan
nan, nan
nan, nan
0.46548118389574505, 0.0
0.46548118389574505, 0.0
0.46548118389574517, 1.1102230246251565e-16
0.46548118389574505, 0.0
0.46548118389574517, 1.1102230246251565e-16
nan, nan
nan, nan
nan, nan
nan, nan
nan, nan
nan, nan
nan, nan
nan, nan
nan, nan
nan, nan
nan, nan
nan, nan
nan, nan
0.46548118389574505, 0.0
0.46548118389574505, 0.0
0.46548118389574505, 0.0
0.46548118389574505, 0.0
0.4654811838957449, 1.6653345369377348e-16
0.46548118389574517, 1.1102230246251565e-16
0.46548118389574505, 0.0
nan, nan
nan, nan
nan, nan
nan, nan
nan, nan
nan, nan
nan, nan
nan, nan
0.5428454874154761, 0.0
0.5428454874154761, 0.0
nan, nan
0.46548118389574505, 0.0
0.46548118389574505, 0.0
0.46548118389574505, 0.0
0.46548118389574505, 0.0
0.46548118389574505, 0.0
0.4654811838957451, 5.551115123125783e-17
0.46548118389574517, 1.1102230246251565e-16
0.4654811838957451, 5.551115123125783e-17
0.46548118389574517, 1.1102230246251565e-16
nan, nan
nan, nan
nan, nan
0.5428454874154757, 0.0
0.5428454874154757, 0.0
0.5428454874154757, 0.0
0.5428454874154757, 0.0
0.5330627426120697, 0.040335290132904766
0.513044505480162, 0.06583580129657411
0.5003593151145164, 0.07539362719096297
nan, nan
nan, nan
nan, nan
nan, nan
nan, nan
nan, nan
0.46548118389574505, 0.0
0.46548118389574505, 0.0
0.4654811838957451, 5.551115123125783e-17
0.46548118389574505, 0.0
nan, nan
nan, nan
nan, nan
nan, nan
nan, nan
nan, nan
nan, nan
nan, nan
nan, nan
0.3755322678313757, 0.0
nan, nan
nan, nan
0.46548118389574505, 0.0
0.46548118389574505, 0.0
0.46548118389574517, 1.1102230246251565e-16
0.46548118389574494, 1.1102230246251565e-16
0.46548118389574517, 1.1102230246251565e-16
0.46548118389574505, 0.0
0.4654811838957451, 5.551115123125783e-17
0.4654811838957451, 5.551115123125783e-17
nan, nan
nan, nan
nan, nan
nan, nan
nan, nan
nan, nan
nan, nan
0.509740545902182, 0.04054510733612498
0.5118096047467628, 0.04006715223692409
0.5147375182060755, 0.039194690440926404
nan, nan
nan, nan
nan, nan
0.46548118389574505, 0.0
0.46548118389574505, 0.0
0.4654811838957451, 5.551115123125783e-17
0.46548118389574517, 1.1102230246251565e-16
0.4654811838957452, 1.6653345369377348e-16
0.4654724913832434, 0.00021644181579881568
0.4654745442275243, 0.00018920142069962228
nan, nan
nan, nan
nan, nan
nan, nan
nan, nan
nan, nan
nan, nan
nan, nan
0.4591888776234259, 0.0836566097920502
0.4497047727336618, 0.07719155181598357
nan, nan
nan, nan
nan, nan
0.46548118389574505, 0.0
0.46548118389574505, 0.0
0.4654811838957451, 5.551115123125783e-17
0.4654811838957449, 1.6653345369377348e-16
0.4654811838957451, 5.551115123125783e-17
0.4654811838957451, 5.551115123125783e-17
0.46548158835867165, 1.1461368936979636e-05
nan, nan
nan, nan
nan, nan
nan, nan
nan, nan
nan, nan
nan, nan
nan, nan
nan, nan
nan, nan
nan, nan
nan, nan
nan, nan
0.46548118389574505, 0.0
0.46548118389574505, 0.0
0.46548118389574505, 0.0
0.4654811838957451, 5.551115123125783e-17
0.4654161471455825, 0.0005889328208560873
0.46541342594264684, 0.0006009739564815905
0.4654246175007683, 0.0005496803491753612
nan, nan
nan, nan
nan, nan
nan, nan
nan, nan
nan, nan
0.5428454874154764, 0.0
0.5428454874154764, 0.0
0.5428454874154764, 0.0
0.5428454874154766, 1.1102230246251565e-16
nan, nan
0.46548118389574505, 0.0
0.46548118389574505, 0.0
0.46548118389574505, 0.0
0.46548118389574505, 0.0
0.46548118389574494, 1.1102230246251565e-16
0.4654811838957451, 5.551115123125783e-17
0.46548118389574517, 1.1102230246251565e-16
0.4654815804667121, 1.1349137745900873e-05
0.4654819878220564, 1.6148716570721595e-05
nan, nan
nan, nan
nan, nan
nan, nan
nan, nan
nan, nan
0.29338549492862454, 0.07337058602554485
0.29338549492862454, 0.07337058602554485
0.28115706392436707, 0.07234437344331617
0.3008876269514108, 0.07763448189646782
0.46548118389574505, 0.0
0.4329969665455799, 0.06496843470033034
0.43595007721377677, 0.06264493737228953
0.44227817150277, 0.05683554085826353
0.4486062657917632, 0.049558850635016034
0.44776251988656407, 0.050635300037362045
0.4480717485018233, 0.05024853887327696
0.4517772454435911, 0.045138688011268135
0.4544312586584074, 0.04089172130481542
0.45485142924574695, 0.04011335446845456
nan, nan
nan, nan
nan, nan
nan, nan
0.4600831336322414, 0.0
0.4600831336322414, 0.0
0.4075973767762807, 0.04297409269132394
0.40847499546400134, 0.04221395983325193
0.4049679823492826, 0.04092916025401826
0.39850766171604474, 0.04167215706420557
nan, nan
nan, nan
0.46548118389574505, 0.0
0.46548118389574505, 0.0
0.46548118389574505, 0.0
0.465481183895745, 5.551115123125783e-17
0.46468108002012526, 0.011371612672789199
0.4649142691077841, 0.009579014749906758
0.4646840251877656, 0.011350767447939827
0.4644920177157766, 0.012636573752249976
nan, nan
nan, nan
nan, nan
nan, nan
nan, nan
nan, nan
nan, nan
nan, nan
0.3755322678313757, 0.0
0.3755322678313757, 0.0
nan, nan
nan, nan
nan, nan
nan, nan
nan, nan
0.46548118389574505, 0.0
0.46548118389574505, 0.0
0.4654811838957451, 5.551115123125783e-17
0.4654811838957451, 5.551115123125783e-17
0.46548118389574517, 1.1102230246251565e-16
nan, nan
nan, nan
nan, nan
nan, nan
nan, nan
nan, nan
nan, nan
nan, nan
nan, nan
nan, nan
nan, nan
nan, nan
nan, nan
nan, nan
nan, nan
nan, nan
nan, nan
nan, nan
nan, nan
nan, nan
nan, nan
nan, nan
nan, nan
nan, nan
nan, nan
nan, nan
nan, nan
nan, nan
nan, nan
0.22735196750563397, 0.0
nan, nan
nan, nan
nan, nan
nan, nan
nan, nan
nan, nan
nan, nan
nan, nan
nan, nan
nan, nan
nan, nan
nan, nan
nan, nan
nan, nan
nan, nan
nan, nan
nan, nan
nan, nan
nan, nan
nan, nan
nan, nan
nan, nan
nan, nan
nan, nan
nan, nan
nan, nan
nan, nan
0.46548118389574505, 0.0
0.46548118389574505, 0.0
0.465481183895745, 5.551115123125783e-17
nan, nan
nan, nan
0.300722553531179, 0.0
0.3325946695513915, 0.06374423204042497
0.315209878994912, 0.045812945669551186
0.31665861154128516, 0.047808174030318715
0.3210664573738678, 0.05318027730588243
0.3213295250959715, 0.05347234486741037
0.3179731286078383, 0.04874908296831306
0.31406082768940125, 0.04332727883683056
nan, nan
nan, nan
nan, nan
nan, nan
nan, nan
nan, nan
nan, nan
nan, nan
nan, nan
0.46548118389574505, 0.0
nan, nan
nan, nan
nan, nan
nan, nan
0.3711441743927726, 0.004388093438603163
0.3726068722056403, 0.0041371341692219895
0.3726068722056403, 0.0041371341692219895
0.3731387623194103, 0.0039085781339027684
0.37280862362810485, 0.0040601690566913675
0.37287967385546095, 0.004563266516381978
nan, nan
nan, nan
nan, nan
nan, nan
0.46548118389574505, 0.0
0.46548118389574505, 0.0
0.4654811838957451, 5.551115123125783e-17
0.46548118389574505, 0.0
0.4654811838957451, 5.551115123125783e-17
0.46548118389574517, 1.1102230246251565e-16
nan, nan
nan, nan
nan, nan
nan, nan
nan, nan
nan, nan
nan, nan
nan, nan
nan, nan
nan, nan
nan, nan
nan, nan
0.46548118389574505, 0.0
0.46548118389574505, 0.0
0.4654811838957451, 5.551115123125783e-17
0.46548118389574505, 0.0
0.46542665813550776, 0.0005397774873852091
0.46542030362961534, 0.0005700248501774839
0.4652019545532132, 0.0060827256443274445
0.4646027009373951, 0.011459948688204165
nan, nan
nan, nan
nan, nan
nan, nan
nan, nan
nan, nan
nan, nan
nan, nan
nan, nan
nan, nan
nan, nan
nan, nan
nan, nan
nan, nan
nan, nan
0.46548118389574505, 0.0
0.46548118389574505, 0.0
0.46548118389574505, 0.0
0.46525626513476565, 0.0010786724840892111
0.46532004806698357, 0.000918615560283235
nan, nan
nan, nan
nan, nan
nan, nan
nan, nan
nan, nan
nan, nan
nan, nan
nan, nan
nan, nan
nan, nan
nan, nan
nan, nan
nan, nan
nan, nan
0.46548118389574505, 0.0
0.46548118389574505, 0.0
0.46548118389574505, 0.0
0.46548118389574505, 0.0
0.46548118389574505, 0.0
nan, nan
nan, nan
nan, nan
nan, nan
nan, nan
nan, nan
nan, nan
nan, nan
nan, nan
nan, nan
nan, nan
nan, nan
nan, nan
nan, nan
0.46548118389574505, 0.0
0.46548118389574505, 0.0
0.4654811838957451, 5.551115123125783e-17
0.4654811838957451, 5.551115123125783e-17
0.4654811838957452, 1.6653345369377348e-16
0.46548118389574517, 1.1102230246251565e-16
nan, nan
nan, nan
nan, nan
nan, nan
nan, nan
nan, nan
nan, nan
nan, nan
nan, nan
0.46008313363224196, 0.0
nan, nan
nan, nan
nan, nan
nan, nan
nan, nan
nan, nan
nan, nan
nan, nan
nan, nan
nan, nan
nan, nan
nan, nan
nan, nan
nan, nan
nan, nan
nan, nan
nan, nan
nan, nan
nan, nan
nan, nan
nan, nan
nan, nan
nan, nan
nan, nan
0.46548118389574505, 0.0
0.46548118389574505, 0.0
0.46548118389574505, 0.0
0.4654811838957451, 5.551115123125783e-17
0.46548118389574494, 1.1102230246251565e-16
0.4654811838957451, 5.551115123125783e-17
nan, nan
nan, nan
nan, nan
nan, nan
nan, nan
nan, nan
nan, nan
nan, nan
nan, nan
nan, nan
nan, nan
nan, nan
nan, nan
nan, nan
nan, nan
nan, nan
nan, nan
nan, nan
nan, nan
nan, nan
nan, nan
nan, nan
nan, nan
nan, nan
nan, nan
nan, nan
nan, nan
nan, nan
nan, nan
nan, nan
nan, nan
nan, nan
nan, nan
nan, nan
nan, nan
nan, nan
nan, nan
nan, nan
nan, nan
nan, nan
nan, nan
nan, nan
nan, nan
nan, nan
nan, nan
nan, nan
nan, nan
nan, nan
nan, nan
nan, nan
nan, nan
nan, nan
nan, nan
nan, nan
nan, nan
nan, nan
nan, nan
nan, nan
nan, nan
nan, nan
nan, nan
nan, nan
nan, nan
nan, nan
nan, nan
nan, nan
nan, nan
nan, nan
nan, nan
nan, nan
nan, nan
nan, nan
nan, nan
nan, nan
nan, nan
nan, nan
nan, nan
nan, nan
nan, nan
nan, nan
nan, nan
nan, nan
nan, nan
nan, nan
nan, nan
nan, nan
nan, nan
nan, nan
nan, nan
nan, nan
nan, nan
nan, nan
nan, nan
nan, nan
nan, nan
nan, nan
nan, nan
nan, nan
nan, nan
nan, nan
nan, nan
nan, nan
nan, nan
nan, nan
nan, nan
nan, nan
nan, nan
nan, nan
nan, nan
nan, nan
nan, nan
nan, nan
nan, nan
nan, nan
nan, nan
nan, nan
nan, nan
nan, nan
nan, nan
nan, nan
nan, nan
nan, nan
nan, nan
nan, nan
nan, nan
nan, nan
nan, nan
nan, nan
nan, nan
nan, nan
nan, nan
nan, nan
nan, nan
nan, nan
nan, nan
nan, nan
nan, nan
nan, nan
nan, nan
nan, nan
nan, nan
nan, nan
nan, nan
nan, nan
nan, nan
0.2053407916979712, 0.0
0.20534079169797118, 2.7755575615628914e-17
0.20534079169797123, 2.7755575615628914e-17
0.20534079169797118, 2.7755575615628914e-17
0.20634129968922865, 0.008066353304749741
nan, nan
nan, nan
nan, nan
nan, nan
nan, nan
nan, nan
nan, nan
nan, nan
nan, nan
nan, nan
nan, nan
nan, nan
nan, nan
nan, nan
nan, nan
nan, nan
nan, nan
nan, nan
nan, nan
nan, nan
nan, nan
nan, nan
nan, nan
nan, nan
nan, nan
nan, nan
nan, nan
nan, nan
nan, nan
nan, nan
nan, nan
nan, nan
nan, nan
nan, nan
nan, nan
nan, nan
nan, nan
nan, nan
nan, nan
0.5325553043186997, 0.0
nan, nan
nan, nan
nan, nan
nan, nan
nan, nan
nan, nan
nan, nan
nan, nan
nan, nan
nan, nan
nan, nan
nan, nan
nan, nan
nan, nan
nan, nan
nan, nan
nan, nan
nan, nan
nan, nan
nan, nan
nan, nan
nan, nan
nan, nan
nan, nan
nan, nan
nan, nan
nan, nan
nan, nan
nan, nan
nan, nan
nan, nan
nan, nan
nan, nan
nan, nan
nan, nan
nan, nan
nan, nan
nan, nan
nan, nan
nan, nan
nan, nan
nan, nan
nan, nan
nan, nan
nan, nan
nan, nan
nan, nan
nan, nan
nan, nan
nan, nan
nan, nan
nan, nan
nan, nan
nan, nan
nan, nan
0.2053407916979712, 0.0
0.2185474971825691, 0.02641341096919585
0.21949083328861185, 0.027095266789517913
0.22184917355371858, 0.028593356124902696
0.22201592488559485, 0.028688983910239187
nan, nan
nan, nan
nan, nan
nan, nan
nan, nan
nan, nan
nan, nan
nan, nan
nan, nan
nan, nan
nan, nan
nan, nan
nan, nan
nan, nan
nan, nan
0.30306009714491905, 0.0
0.30306009714491905, 0.0
0.30306009714491905, 0.0
0.2834657695148772, 0.06976530044334886
0.2732760036134767, 0.06407673212157292
nan, nan
nan, nan
nan, nan
nan, nan
nan, nan
nan, nan
nan, nan
nan, nan
nan, nan
nan, nan
nan, nan
nan, nan
nan, nan
nan, nan
nan, nan
nan, nan
0.2713743191209608, 0.0
0.2713743191209608, 0.0
0.31011986706256894, 0.054794479380599205
0.28797955395307856, 0.040674352397778446
nan, nan
nan, nan
nan, nan
nan, nan
nan, nan
nan, nan
nan, nan
nan, nan
nan, nan
nan, nan
nan, nan
nan, nan
nan, nan
nan, nan
nan, nan
nan, nan
nan, nan
nan, nan
nan, nan
nan, nan
nan, nan
nan, nan
nan, nan
nan, nan
nan, nan
nan, nan
nan, nan
nan, nan
nan, nan
nan, nan
nan, nan
nan, nan
nan, nan
nan, nan
nan, nan
0.35540110930736046, 0.0
0.35540110930736046, 0.0
0.35540110930736046, 0.0
0.3554011093073604, 5.551115123125783e-17
0.3554011093073604, 5.551115123125783e-17
nan, nan
nan, nan
nan, nan
nan, nan
0.1457805417401157, 0.0
0.1457805417401157, 0.0
0.1457805417401157, 0.0
0.1457805417401157, 0.0
0.14578054174011576, 5.551115123125783e-17
0.14578054174011573, 2.7755575615628914e-17
nan, nan
nan, nan
nan, nan
nan, nan
0.35540110930736046, 0.0
0.35540110930736046, 0.0
0.35540110930736046, 0.0
0.35540110930736046, 0.0
0.3554011093073604, 5.551115123125783e-17
0.35018722018795934, 0.038893713872429146
nan, nan
nan, nan
nan, nan
nan, nan
0.1457805417401157, 0.0
0.1457805417401157, 0.0
0.1457805417401157, 0.0
0.14578054174011573, 2.7755575615628914e-17
0.1482475558702862, 0.015504943385230528
0.14771124845068392, 0.0137541681469048
nan, nan
nan, nan
nan, nan
0.35540110930736046, 0.0
0.34039507754642157, 0.045018095282816833
0.3521651503545331, 0.044727800226860764
0.3498499609344521, 0.04645506535010327
0.3502936449141043, 0.04465081118206692
0.35121261013988664, 0.04308520854113927
0.3504168802088802, 0.037544397361848184
nan, nan
nan, nan
nan, nan
nan, nan
nan, nan
nan, nan
nan, nan
0.1457805417401157, 0.0
0.1457805417401157, 0.0
0.1457805417401157, 0.0
nan, nan
0.35540110930736046, 0.0
0.3554011093073605, 5.551115123125783e-17
0.3554011093073604, 5.551115123125783e-17
0.35358045366542845, 0.02724842536687768
0.3553164987089553, 0.029226970599121316
0.35572896119190284, 0.031153839307914242
0.35875313912353163, 0.029516767022115774
0.3615159459975355, 0.03176181501489467
0.3642145791770287, 0.036998012079646626
nan, nan
nan, nan
nan, nan
nan, nan
nan, nan
nan, nan
nan, nan
nan, nan
nan, nan
nan, nan
nan, nan
nan, nan
nan, nan
nan, nan
0.32446958423521016, 0.04374378226191841
0.38274190673744335, 0.08741242435340323
0.3935701474106793, 0.08997959804299335
0.3996059218494268, 0.0848490579148192
0.40181299778799884, 0.08103531129630583
0.40595105580216634, 0.07888956294011853
nan, nan
nan, nan
nan, nan
nan, nan
nan, nan
0.4654811838957453, 0.0
0.4654811838957453, 0.0
0.4654811838957452, 5.551115123125783e-17
0.4654811838957453, 0.0
0.4654811838957453, 0.0
nan, nan
nan, nan
0.4012239399277035, 0.052952197317600876
0.39024210536487397, 0.05082231264494767
0.38605271145209974, 0.05855033722440729
0.38516748838544435, 0.060792598602344074
0.38545165605524717, 0.06033345403897761
0.3877730138122025, 0.05955176120133288
0.39137684653158406, 0.05848418754321199
0.39543500605833154, 0.06350436758165412
nan, nan
nan, nan
nan, nan
nan, nan
nan, nan
nan, nan
nan, nan
0.1457805417401157, 0.0
0.1490802574177492, 0.009036643549966472
0.14798035219187133, 0.007540570321794441
nan, nan
0.35540110930736046, 0.0
0.40774212146980116, 0.052341012162440664
0.374132464133857, 0.04052851854586754
0.3796056386126127, 0.04440515728497285
0.38456753436355906, 0.050207804099743854
0.3857782413052309, 0.05127323306050839
0.3856572135593617, 0.051697201584136
0.3870362497217121, 0.05257732050832431
0.38485170965957577, 0.05236669374085661
nan, nan
nan, nan
nan, nan
nan, nan
nan, nan
nan, nan
nan, nan
nan, nan
nan, nan
nan, nan
nan, nan
0.35429472745459334, 0.0015646602213461643
0.3468570886836056, 0.023913762637158897
0.34880357962744335, 0.02074795696518217
0.3526110997262486, 0.03111073484655132
0.35403437732712784, 0.03538735790492386
0.35494613497105754, 0.035894957420345305
0.3551454627466091, 0.039850035529738384
0.3560457301894487, 0.038831589724033895
0.35771068009320356, 0.03751524337458046
nan, nan
nan, nan
nan, nan
nan, nan
nan, nan
nan, nan
nan, nan
0.19573757787606813, 0.049957036135952426
0.20936222409496424, 0.04806323412858082
0.20287429732406134, 0.04944464273315657
nan, nan
nan, nan
0.3554011093073604, 5.551115123125783e-17
0.35540110930736035, 1.8936027533166073e-16
0.35540110930736024, 1.942890293094024e-16
0.35671751033030286, 0.011862802688210853
0.3582409252882886, 0.030877210000626563
0.3583761456865343, 0.03314261207854461
0.35769311691987515, 0.031494635327384404
0.3586155730132957, 0.031215603024505968
nan, nan
nan, nan
nan, nan
nan, nan
nan, nan
nan, nan
nan, nan
nan, nan
nan, nan
nan, nan
nan, nan
0.2713743191209608, 0.0
0.3049850351955205, 0.041164552136115834
0.31911477925442644, 0.06282764689351904
0.3154177957558357, 0.05898301434704214
0.316867944423189, 0.054675730202900764
0.3177752377895632, 0.054352158011337914
0.32092024385985507, 0.0530539161984946
0.32017170112791954, 0.05364299508363604
0.3205375478419838, 0.05575196432011727
nan, nan
nan, nan
0.46580637208865433, 0.0
0.46580637208865433, 0.0
0.4658063720886544, 5.551115123125783e-17
0.4657563431358992, 0.00011732829422531754
0.46571965523721187, 0.00014380362961773896
0.46046942078327735, 0.040626419529703424
0.4633987512323275, 0.027037884161903728
0.4648118307127529, 0.016791825842330667
nan, nan
nan, nan
nan, nan
nan, nan
0.40608254869065097, 0.05400058494159102
0.4374433047632308, 0.08027100484996641
0.4717906085197347, 0.08913697010303695
0.4805285646696527, 0.08660203671449633
0.4746741902721893, 0.09465361247930741
0.4705550056047079, 0.09523613890857295
nan, nan
nan, nan
nan, nan
0.46580637208865433, 0.0
0.46580637208865433, 0.0
0.46580637208865433, 0.0
0.4658063720886543, 5.551115123125783e-17
0.46579534876008116, 5.884847088689189e-05
0.46579129713931433, 6.837354339590895e-05
0.4657924685554659, 6.578720694404655e-05
nan, nan
nan, nan
0.4600831336322418, 0.0
0.4600831336322418, 0.0
0.4600831336322418, 0.0
0.46943907135920787, 0.02522353714056358
0.47787905416046167, 0.04250789966959091
0.48102019292801296, 0.04860151786121323
0.4828443366476921, 0.05215208636090046
0.48425322964715156, 0.05460939616246732
nan, nan
nan, nan
0.46580637208865433, 0.0
0.46580637208865433, 0.0
0.4657599166325245, 0.00011379216328641785
0.4657657235645407, 0.00010754588596648178
0.4657613460311746, 0.00011231472037752286
0.4657452761251382, 0.00012702349866031544
0.46574119428274807, 0.00013018028475040043
0.4657351746737247, 0.00013447485567237322
nan, nan
nan, nan
nan, nan
0.4341101957390138, 0.07343553417057509
0.4528486747619289, 0.08546043893639264
0.4623439542397538, 0.08822929043798486
0.45462311272037453, 0.08724329252820354
0.45490192898599735, 0.08301452587997352
0.45779331614565705, 0.0855907996576992
0.45987289569949513, 0.08003726956541225
nan, nan
nan, nan
nan, nan
nan, nan
nan, nan
nan, nan
nan, nan
nan, nan
nan, nan
0.44466411609237955, 0.020817067803365757
0.3447449051465061, 0.0
0.3612532870022533, 0.009531118708300779
0.36125328700225334, 0.009531118708300779
0.37927797581661643, 0.04586455920140877
0.38713326778776225, 0.0648882978598605
0.38318478253406185, 0.07144900441589172
0.38068440076566046, 0.0698802756981772
0.3795265836776944, 0.07764840995034379
0.3744429951349492, 0.0763867164083469
0.3721989845012426, 0.078136789677535
nan, nan
nan, nan
nan, nan
0.46580637208865433, 0.0
0.46580637208865433, 0.0
0.46577024006722006, 0.00010219678949679609
0.4657768095256625, 9.348503252607515e-05
0.46577214175255865, 9.97977215591772e-05
0.46577431128090285, 9.694277044865963e-05
0.46577186936261633, 0.00010014709694596576
nan, nan
nan, nan
0.3520819637490599, 0.0
0.37368219772569633, 0.04320046795327275
0.3847101970797081, 0.04877219906130356
0.37926703831849007, 0.05207407299834922
0.38547428725538935, 0.05210102365974573
0.3849989430525677, 0.053895285592994537
0.386048034539859, 0.052634916007140806
0.38841949152022365, 0.054121654103940625
nan, nan
nan, nan
nan, nan
nan, nan
nan, nan
0.4654811838957453, 0.0
0.4654811838957453, 0.0
0.4654811838957452, 5.551115123125783e-17
0.4654811838957453, 0.0
0.46548563852852487, 3.779881255360951e-05
nan, nan
nan, nan
0.3520819637490599, 0.0
0.3997728446656639, 0.08260302880527501
0.3929598616775776, 0.07827521516971893
0.3954490757533851, 0.07555430638036245
0.3927998969162422, 0.07354698828188493
0.39096194124510886, 0.07331141892924277
0.39155142747702654, 0.07372545052260619
0.38649685956404417, 0.071448903769382
nan, nan
nan, nan
nan, nan
nan, nan
nan, nan
nan, nan
nan, nan
0.35575049305033735, 0.11005587903831698
0.3558484190402485, 0.14256157691992324
0.3294051683590326, 0.1536284298660023
nan, nan
0.3520819637490599, 0.0
0.35575049305033724, 0.006354079138867386
0.36341769849335537, 0.02584197065796486
0.3619338394901161, 0.0295865859622811
0.36175578118605667, 0.0308922277999619
0.36211974064437186, 0.03382379285473261
0.3608938752086416, 0.034924562205711315
0.36112864468003514, 0.038523598390102956
0.3603745602732578, 0.032463771177617326
nan, nan
nan, nan
nan, nan
0.46580637208865433, 0.0
0.46580637208865433, 0.0
0.46580637208865433, 0.0
0.4657721417525586, 9.97977215591772e-05
0.46576202824416674, 0.0001115962280349201
0.4657568196021159, 0.00011686930576272751
0.46572905461621444, 0.0001384367638979419
nan, nan
nan, nan
0.3657287263766012, 0.09435440725564076
0.3468578449254731, 0.09244806110363149
0.3888404609746478, 0.09274595228330006
0.3753801968789171, 0.09222119500380363
0.3796546408957025, 0.09026440607453792
0.3789331833368151, 0.09003907860252282
0.3772697941258641, 0.09082974060645403
0.37735921642257664, 0.0897090305355931
nan, nan
nan, nan
nan, nan
0.4654811838957453, 0.0
0.4654811838957453, 0.0
0.46556248094397257, 0.00014081061803499767
0.4655715139493311, 0.00014565283488534572
0.4655503728729597, 0.00013308765495588344
0.4655466894310076, 0.00013042488829774235
0.4655474757036661, 0.0001310065243605875
nan, nan
0.4600831336322418, 0.0
0.4600831336322418, 0.0
0.4600831336322418, 0.0
0.46008313363224185, 5.551115123125783e-17
0.4645516412033301, 0.018047411100594997
0.46495133521773335, 0.01898968166794703
0.46396839362221515, 0.01825996175969422
0.464496573524433, 0.01920366344378796
0.46456431538108806, 0.01790024507559224
nan, nan
nan, nan
nan, nan
nan, nan
nan, nan
0.46580637208865433, 0.0
0.46580637208865433, 0.0
0.4658063720886544, 5.551115123125783e-17
0.4657768095256627, 9.348503252607513e-05
0.4657738532693633, 9.755645787271618e-05
nan, nan
nan, nan
0.5428454874154761, 0.0
0.542845487415476, 1.1102230246251565e-16
0.5428454874154761, 0.0
0.5389960756116048, 0.017428953219673745
0.5389426013670613, 0.023157680506368527
0.5381791832075871, 0.023995630577664736
0.5392813870135672, 0.023510387417803504
0.5404436459464537, 0.02658642913933909