nan, nan
nan, nan
nan, nan
nan, nan
nan, nan
nan, nan
nan, nan
nan, nan
nan, nan
nan, nan
nan, nan
nan, nan
nan, nan
nan, nan
nan, nan
nan, nan
nan, nan
nan, nan
nan, nan
nan, nan
nan, nan
nan, nan
nan, nan
nan, nan
nan, nan
nan, nan
nan, nan
nan, nan
nan, nan
nan, nan
nan, nan
nan, nan
nan, nan
nan, nan
nan, nan
nan, nan
nan, nan
nan, nan
nan, nan
nan, nan
nan, nan
nan, nan
nan, nan
nan, nan
nan, nan
nan, nan
nan, nan
nan, nan
nan, nan
nan, nan
nan, nan
nan, nan
nan, nan
nan, nan
nan, nan
nan, nan
nan, nan
nan, nan
nan, nan
nan, nan
nan, nan
nan, nan
nan, nan
nan, nan
nan, nan
nan, nan
nan, nan
nan, nan
nan, nan
nan, nan
nan, nan
nan, nan
nan, nan
nan, nan
nan, nan
nan, nan
nan, nan
nan, nan
nan, nan
nan, nan
nan, nan
nan, nan
nan, nan
nan, nan
nan, nan
nan, nan
nan, nan
nan, nan
nan, nan
nan, nan
nan, nan
nan, nan
nan, nan
nan, nan
nan, nan
nan, nan
nan, nan
nan, nan
nan, nan
nan, nan
nan, nan
nan, nan
nan, nan
nan, nan
nan, nan
nan, nan
nan, nan
nan, nan
nan, nan
nan, nan
nan, nan
nan, nan
nan, nan
nan, nan
nan, nan
nan, nan
nan, nan
nan, nan
nan, nan
nan, nan
nan, nan
nan, nan
nan, nan
nan, nan
nan, nan
nan, nan
nan, nan
nan, nan
nan, nan
nan, nan
nan, nan
nan, nan
nan, nan
nan, nan
nan, nan
nan, nan
nan, nan
nan, nan
nan, nan
nan, nan
nan, nan
nan, nan
nan, nan
nan, nan
nan, nan
nan, nan
nan, nan
nan, nan
nan, nan
nan, nan
nan, nan
nan, nan
nan, nan
nan, nan
nan, nan
nan, nan
nan, nan
nan, nan
nan, nan
nan, nan
nan, nan
nan, nan
nan, nan
nan, nan
nan, nan
nan, nan
nan, nan
nan, nan
nan, nan
nan, nan
nan, nan
nan, nan
nan, nan
nan, nan
nan, nan
nan, nan
nan, nan
nan, nan
nan, nan
nan, nan
nan, nan
nan, nan
nan, nan
nan, nan
nan, nan
nan, nan
nan, nan
nan, nan
nan, nan
nan, nan
nan, nan
nan, nan
nan, nan
nan, nan
nan, nan
nan, nan
nan, nan
nan, nan
nan, nan
nan, nan
nan, nan
nan, nan
nan, nan
nan, nan
nan, nan
nan, nan
nan, nan
nan, nan
nan, nan
nan, nan
nan, nan
nan, nan
nan, nan
nan, nan
nan, nan
nan, nan
nan, nan
nan, nan
nan, nan
nan, nan
nan, nan
nan, nan
nan, nan
nan, nan
nan, nan
nan, nan
nan, nan
nan, nan
nan, nan
nan, nan
nan, nan
nan, nan
nan, nan
nan, nan
nan, nan
nan, nan
nan, nan
nan, nan
nan, nan
nan, nan
nan, nan
nan, nan
nan, nan
nan, nan
nan, nan
nan, nan
nan, nan
nan, nan
nan, nan
nan, nan
nan, nan
nan, nan
nan, nan
nan, nan
nan, nan
nan, nan
nan, nan
nan, nan
nan, nan
nan, nan
nan, nan
nan, nan
nan, nan
nan, nan
nan, nan
nan, nan
nan, nan
nan, nan
nan, nan
nan, nan
nan, nan
nan, nan
nan, nan
nan, nan
nan, nan
nan, nan
nan, nan
nan, nan
nan, nan
nan, nan
nan, nan
nan, nan
nan, nan
nan, nan
nan, nan
nan, nan
nan, nan
nan, nan
nan, nan
nan, nan
nan, nan
nan, nan
nan, nan
nan, nan
nan, nan
nan, nan
nan, nan
nan, nan
nan, nan
nan, nan
nan, nan
nan, nan
nan, nan
nan, nan
nan, nan
-0.03620290071770313, 0.0
-0.03620290071770313, 0.0
-0.036202900717703136, 6.938893903907228e-18
-0.03620290071770313, 0.0
-0.036202900717703136, 6.938893903907228e-18
nan, nan
nan, nan
nan, nan
nan, nan
nan, nan
nan, nan
nan, nan
nan, nan
nan, nan
nan, nan
nan, nan
-0.07317781446478733, 0.0369749137470842
-0.05469035759124523, 0.032021214607713386
-0.04148503125300088, 0.019044992488710066
-0.04465430957417952, 0.023527726523397633
-0.045627878731665794, 0.024660601933148105
-0.04453527564662351, 0.02338266915162371
-0.04310488461715886, 0.021511930108289494
-0.04191926775099469, 0.01974962034941326
-0.03997585110005867, 0.01627187374986457
nan, nan
nan, nan
nan, nan
nan, nan
nan, nan
nan, nan
nan, nan
nan, nan
nan, nan
nan, nan
nan, nan
-0.03620290071770313, 0.0
-0.03620290071770313, 0.0
-0.03620290071770313, 0.0
-0.0362029007177031, 2.7755575615628914e-17
-0.03620290071770313, 0.0
-0.0357867770249529, 0.009258167701856961
-0.036202900717703136, 6.938893903907228e-18
-0.036202900717703136, 6.938893903907228e-18
-0.036202900717703136, 6.938893903907228e-18
nan, nan
nan, nan
nan, nan
nan, nan
nan, nan
nan, nan
nan, nan
nan, nan
nan, nan
nan, nan
nan, nan
nan, nan
nan, nan
-0.03620290071770313, 0.0
-0.03620290071770313, 0.0
-0.036202900717703136, 6.938893903907228e-18
-0.036202900717703115, 1.3877787807814457e-17
-0.03620290071770313, 0.0
-0.03620290071770314, 1.3877787807814457e-17
-0.036202900717703136, 6.938893903907228e-18
nan, nan
nan, nan
nan, nan
nan, nan
nan, nan
nan, nan
nan, nan
nan, nan
nan, nan
nan, nan
nan, nan
-0.03620290071770313, 0.0
-0.03620290071770313, 0.0
-0.036202900717703136, 6.938893903907228e-18
-0.03620290071770313, 0.0
-0.03620290071770313, 0.0
-0.03620290071770313, 0.0
-0.036202900717703136, 6.938893903907228e-18
-0.036202900717703136, 6.938893903907228e-18
-0.036202900717703136, 6.938893903907228e-18
nan, nan
nan, nan
nan, nan
nan, nan
nan, nan
nan, nan
nan, nan
nan, nan
nan, nan
nan, nan
nan, nan
nan, nan
nan, nan
-0.03620290071770313, 0.0
-0.036202900717703136, 6.938893903907228e-18
-0.03620290071770313, 0.0
-0.03620290071770313, 0.0
-0.036202900717703136, 6.938893903907228e-18
-0.036202900717703136, 6.938893903907228e-18
-0.03620290071770314, 1.3877787807814457e-17
nan, nan
nan, nan
nan, nan
nan, nan
nan, nan
nan, nan
nan, nan
nan, nan
nan, nan
nan, nan
nan, nan
-0.03620290071770313, 0.0
-0.03620290071770313, 0.0
-0.03620290071770313, 0.0
-0.03620290071770313, 0.0
-0.03620290071770313, 0.0
-0.036202900717703136, 6.938893903907228e-18
-0.036202900717703136, 6.938893903907228e-18
-0.036202900717703136, 6.938893903907228e-18
-0.03620290071770314, 1.3877787807814457e-17
nan, nan
nan, nan
nan, nan
nan, nan
nan, nan
nan, nan
nan, nan
nan, nan
nan, nan
nan, nan
-0.03620290071770313, 0.0
-0.03620290071770313, 0.0
-0.03620290071770313, 0.0
-0.036202900717703136, 6.938893903907228e-18
-0.03620290071770313, 0.0
-0.03620290071770312, 6.938893903907228e-18
-0.036202900717703136, 6.938893903907228e-18
-0.03620290071770314, 1.3877787807814457e-17
-0.036202900717703136, 6.938893903907228e-18
-0.036202900717703136, 6.938893903907228e-18
nan, nan
nan, nan
nan, nan
nan, nan
nan, nan
nan, nan
nan, nan
nan, nan
nan, nan
nan, nan
nan, nan
nan, nan
nan, nan
nan, nan
nan, nan
-0.03620290071770313, 0.0
-0.03620290071770313, 0.0
-0.03620290071770313, 0.0
-0.036202900717703136, 6.938893903907228e-18
-0.03620290071770311, 2.0816681711721685e-17
nan, nan
nan, nan
nan, nan
nan, nan
nan, nan
nan, nan
nan, nan
nan, nan
nan, nan
nan, nan
nan, nan
nan, nan
nan, nan
nan, nan
nan, nan
nan, nan
nan, nan
nan, nan
nan, nan
nan, nan
nan, nan
nan, nan
nan, nan
nan, nan
nan, nan
nan, nan
nan, nan
nan, nan
nan, nan
nan, nan
nan, nan
nan, nan
nan, nan
nan, nan
nan, nan
nan, nan
nan, nan
nan, nan
nan, nan
nan, nan
nan, nan
nan, nan
nan, nan
nan, nan
nan, nan
nan, nan
nan, nan
nan, nan
nan, nan
nan, nan
nan, nan
nan, nan
nan, nan
nan, nan
nan, nan
nan, nan
nan, nan
nan, nan
nan, nan
nan, nan
nan, nan
nan, nan
nan, nan
nan, nan
nan, nan
nan, nan
nan, nan
nan, nan
nan, nan
nan, nan
nan, nan
nan, nan
nan, nan
nan, nan
nan, nan
nan, nan
nan, nan
nan, nan
nan, nan
nan, nan
nan, nan
nan, nan
nan, nan
nan, nan
nan, nan
nan, nan
nan, nan
nan, nan
nan, nan
nan, nan
nan, nan
nan, nan
nan, nan
nan, nan
-0.03620290071770293, 0.0
-0.03620290071770293, 0.0
-0.03620290071770293, 0.0
-0.03620290071770293, 0.0
-0.03620290071770292, 6.938893903907228e-18
-0.03620290071770293, 0.0
nan, nan
nan, nan
nan, nan
nan, nan
nan, nan
nan, nan
nan, nan
nan, nan
nan, nan
nan, nan
nan, nan
nan, nan
nan, nan
-0.03620290071770293, 0.0
-0.03620290071770293, 0.0
-0.036202900717702935, 3.944808480857957e-17
-0.036202900717702935, 3.8705959154210077e-17
-0.03620290071770292, 3.482491199198107e-17
-0.036202900717702935, 2.6940008194931643e-17
-0.036202900717702935, 2.384272546527385e-17
nan, nan
nan, nan
nan, nan
nan, nan
nan, nan
nan, nan
nan, nan
nan, nan
nan, nan
nan, nan
nan, nan
nan, nan
nan, nan
nan, nan
nan, nan
nan, nan
-0.03620290071770313, 0.0
-0.03620290071770313, 0.0
-0.03620290071770312, 6.938893903907228e-18
-0.03620290071770313, 0.0
nan, nan
nan, nan
nan, nan
nan, nan
nan, nan
nan, nan
nan, nan
nan, nan
nan, nan
nan, nan
nan, nan
nan, nan
nan, nan
nan, nan
nan, nan
-0.03620290071770313, 0.0
-0.03620290071770307, 9.497247973078072e-17
-0.03620290071770308, 8.715151299993112e-17
-0.0362029007177031, 6.938893903907228e-17
-0.03620290071770309, 6.911261228007359e-17
nan, nan
nan, nan
nan, nan
nan, nan
nan, nan
nan, nan
nan, nan
nan, nan
nan, nan
nan, nan
nan, nan
nan, nan
nan, nan
nan, nan
nan, nan
nan, nan
nan, nan
nan, nan
-0.03620290071770313, 0.0
-0.03620290071770312, 6.938893903907228e-18
nan, nan
nan, nan
nan, nan
nan, nan
nan, nan
nan, nan
nan, nan
nan, nan
nan, nan
nan, nan
nan, nan
nan, nan
nan, nan
nan, nan
nan, nan
nan, nan
nan, nan
nan, nan
nan, nan
-0.03620290071770313, 0.0
nan, nan
nan, nan
nan, nan
nan, nan
nan, nan
nan, nan
nan, nan
nan, nan
nan, nan
nan, nan
nan, nan
nan, nan
nan, nan
nan, nan
nan, nan
nan, nan
nan, nan
0.4658063720886547, 0.0
0.4658063720886547, 0.0
0.4657599166325248, 0.0001137921632866315
nan, nan
nan, nan
nan, nan
nan, nan
nan, nan
nan, nan
nan, nan
nan, nan
nan, nan
nan, nan
nan, nan
nan, nan
nan, nan
nan, nan
nan, nan
nan, nan
nan, nan
nan, nan
nan, nan
nan, nan
nan, nan
nan, nan
nan, nan
nan, nan
nan, nan
nan, nan
nan, nan
nan, nan
nan, nan
nan, nan
nan, nan
nan, nan
nan, nan
nan, nan
nan, nan
nan, nan
nan, nan
nan, nan
nan, nan
nan, nan
nan, nan
nan, nan
nan, nan
nan, nan
nan, nan
nan, nan
nan, nan
nan, nan
nan, nan
nan, nan
nan, nan
nan, nan
nan, nan
nan, nan
nan, nan
nan, nan
nan, nan
nan, nan
nan, nan
nan, nan
nan, nan
nan, nan
nan, nan
nan, nan
nan, nan
nan, nan
nan, nan
nan, nan
nan, nan
nan, nan
nan, nan
nan, nan
nan, nan
nan, nan
nan, nan
nan, nan
0.46548118389574505, 0.0
0.46548118389574505, 0.0
0.46548118389574505, 0.0
0.46548118389574505, 0.0
nan, nan
nan, nan
nan, nan
nan, nan
nan, nan
nan, nan
nan, nan
nan, nan
nan, nan
nan, nan
nan, nan
nan, nan
nan, nan
0.46548118389574505, 0.0
0.46548118389574505, 0.0
0.4654811838957451, 5.551115123125783e-17
0.46084058141714995, 0.027059129815787484
0.4622964567045525, 0.022519421931215207
0.46307494557351064, 0.01962227969465871
0.46300718149788145, 0.022056591607560544
nan, nan
nan, nan
nan, nan
nan, nan
nan, nan
nan, nan
nan, nan
0.3520819637490599, 0.0
0.3520819637490599, 0.0
0.34621231686701637, 0.028755279662649874
nan, nan
nan, nan
0.4658063720886549, 0.0
0.4658063720886549, 0.0
0.4658063720886549, 0.0
0.4658063720886549, 0.0
0.46575991663252486, 0.00011379216328668979
0.46571346117639495, 0.00014690505111275486
0.46568203542666, 0.00015802913943488618
0.4656437779922001, 0.0001625940964549155
nan, nan
nan, nan
0.5428454874154757, 0.0
0.5428454874154757, 0.0
0.5428454874154757, 0.0
0.535214946468819, 0.03738186356144491
0.5361520304447243, 0.03510078447885139
0.5339665831645584, 0.04211535084578266
0.5320455102984413, 0.04615053538823066
0.5308830890263913, 0.04815481532449668
nan, nan
nan, nan
nan, nan
nan, nan
nan, nan
0.4658063720886549, 0.0
0.4658063720886549, 0.0
0.4658063720886549, 0.0
0.4657846928757942, 8.111618693951591e-05
0.4657901126790094, 7.087312352632816e-05
0.3520819637490599, 0.0
0.3520819637490599, 0.0
0.3694241022641886, 0.05484065720593713
0.3838590023725484, 0.07895476060152447
0.38360589852573873, 0.07828689441129212
0.379523073516261, 0.07108170580402867
0.37911420694449877, 0.07041091714740813
0.37973782683738017, 0.07020534660760162
0.37389575256192076, 0.06493549435389417
0.3754570304027962, 0.06439458928967856
nan, nan
nan, nan
nan, nan
nan, nan
0.46548118389574505, 0.0
0.46548118389574505, 0.0
0.4654811838957451, 5.551115123125783e-17
0.46548118389574505, 0.0
0.46548118389574494, 1.1102230246251565e-16
0.4654811838957451, 5.551115123125783e-17
nan, nan
nan, nan
0.3520819637490599, 0.0
0.3520819637490599, 0.0
0.3576926556216016, 0.03223097095223722
0.35909528066537355, 0.03459117893137577
0.3614521915530155, 0.040462736859615
0.36215188680377114, 0.0412012072965225
0.36182542598877115, 0.04118466960762667
0.3624878163297638, 0.043808234953391985
nan, nan
nan, nan
nan, nan
0.4658063720886549, 0.0
0.41928413624032485, 0.10388152110528222
0.4192841362403249, 0.10388152110528222
0.4233563399805414, 0.1014917658345041
0.42273783452600033, 0.1029712827690845
0.4244420441700074, 0.10106894422308738
0.4317465196518757, 0.09305516939612916
nan, nan
0.3520819637490599, 0.0
0.3520819637490599, 0.0
0.3525879677906153, 0.0026775217126988144
0.350908034372651, 0.01477356422409509
0.3519264077362849, 0.016845917397956035
0.35185114340174384, 0.018953055675833774
0.3518617811671226, 0.02368073197510577
0.35120877174040677, 0.026790593650174232
0.34920558660084505, 0.03113460372023826
nan, nan
nan, nan
nan, nan
nan, nan
nan, nan
0.46548118389574505, 0.0
0.46548118389574517, 1.1102230246251565e-16
0.4654992499064622, 7.448807042060919e-05
0.4654953225128282, 6.631599238838142e-05
0.46550183076513607, 7.929580651512462e-05
nan, nan
nan, nan
nan, nan
nan, nan
0.4267731371364592, 0.08021827897963282
0.41449576467931654, 0.06970690971071061
0.42584374011930787, 0.07272605155744435
0.4288413052565386, 0.07090423718530539
0.4301981645462426, 0.07003558644240877
0.43153264396503116, 0.07093094279497693
nan, nan
nan, nan
nan, nan
nan, nan
nan, nan
nan, nan
0.46548118389574505, 0.0
0.46548118389574505, 0.0
0.4656670057202649, 0.0001609264206118105
0.46565233557622393, 0.00016236874070357115
0.3520819637490599, 0.0
0.3520819637490599, 0.0
0.3567776667874592, 0.02202479953475835
0.3602528690397896, 0.03265436293415078
0.3595180633454224, 0.03509323084080694
0.36081287384883814, 0.03691027079748886
0.35818321636435163, 0.030355511795368186
0.3588154346320395, 0.03293424160521989
0.3602222387301271, 0.03729419311762537
0.3616057760340448, 0.03837277571125247
nan, nan
nan, nan
nan, nan
nan, nan
0.46548118389574505, 0.0
0.465546221534327, 0.0001300752771639324
0.465519441330205, 0.00010477229923003292
0.4655100895128924, 9.254312887768569e-05
0.4655069924824841, 8.7900879026967e-05
0.4655010933769436, 7.796114911375073e-05
nan, nan
0.4600831336322414, 0.0
0.46008313363224146, 5.551115123125783e-17
0.4600831336322414, 0.0
0.46303893198164275, 0.01535877875427343
0.4591483626655766, 0.026169155852838324
0.4582006432332955, 0.027725542556256942
0.45766295221355335, 0.028829337610939677
0.4576813355370348, 0.031297207309918626
0.4591362731220505, 0.031943575601511856
nan, nan
nan, nan
nan, nan
nan, nan
nan, nan
0.46564377799219997, 0.00016259409645491552
0.465676296811491, 0.00015930902860136572
0.46565334235081496, 0.00016231254802471107
0.46562783739450825, 0.00016181080788137443
0.4656160180245126, 0.00016020681757023797
0.4600831336322414, 0.0
0.4198762743211897, 0.07319245871695217
0.4052139141563206, 0.06935324964436548
0.3984842499606401, 0.06612299528148831
0.4017834790616247, 0.06809281958646286
0.4025128369492458, 0.06792971242246594
0.4066175153595247, 0.07017215167151619
0.4064213845589916, 0.06731323372277168
0.41237691615927285, 0.07001653463936937
0.4147633219178236, 0.06867122805700758
nan, nan
nan, nan
nan, nan
nan, nan
nan, nan
nan, nan
nan, nan
nan, nan
0.46548118389574505, 0.0
0.46548118389574505, 0.0
nan, nan
nan, nan
0.3520819637490599, 0.0
0.3520819637490599, 0.0
0.3491471403080382, 0.02054376408715245
0.35019211532112926, 0.027595316235178684
0.3495335176238028, 0.029642018856755492
0.34978207358338287, 0.030801846722322813
0.34931666530962235, 0.03207861696774105
0.34794902194481536, 0.03881022379975551
nan, nan
nan, nan
nan, nan
nan, nan
0.46548118389574505, 0.0
0.46548118389574505, 0.0
0.46548118389574505, 0.0
0.4504250419984468, 0.06157698907688428
0.4456132853096195, 0.07005651060743057
0.44557223593237544, 0.07012301867544785
nan, nan
0.3520819637490599, 0.0
0.38218481950890915, 0.05809352688373186
0.3875665967561991, 0.07468726711679076
0.38307986043542963, 0.07225626744371079
0.37878590393786415, 0.0666774187566603
0.3784150327456574, 0.06628520101283156
0.37923433284801444, 0.06691715305522418
0.3756950895025963, 0.06182286300687646
0.3751600122569197, 0.058266637149308374
nan, nan
nan, nan
nan, nan
nan, nan
0.46548118389574505, 0.0
0.46548118389574505, 0.0
0.4655137027150361, 9.755645787294931e-05
0.4655260374395947, 0.00011213385962407965
0.46552133058622774, 0.00010697416965167168
0.46551477140862785, 9.896535553928342e-05
0.3520819637490599, 0.0
0.3520819637490599, 0.0
0.3520819637490599, 0.0
0.35517419473354545, 0.017741227327237718
0.35574449761931215, 0.026578005339988428
0.3564937863164895, 0.027753204698717723
0.35748220753774396, 0.030319555762820607
0.358514067965927, 0.03515081475495624
0.35514826362002905, 0.03339647704856047
0.35749113138344996, 0.038260994127375075
nan, nan
nan, nan
nan, nan
nan, nan
0.46548118389574505, 0.0
0.4654811838957451, 5.551115123125783e-17
0.46548118389574505, 0.0
0.465481183895745, 5.551115123125783e-17
0.46548118389574505, 0.0
0.4654687745847946, 0.0002585190384641814
nan, nan
nan, nan
0.4600831336322414, 0.0
0.4600831336322414, 0.0
0.4856346065888481, 0.025551472956606702
0.49074490118016945, 0.025035228368083955
0.4841170527554461, 0.03115762895603476
0.48591342313440583, 0.033662064611467826
0.48447444344027546, 0.04263073425395895
0.48288362958640973, 0.04517362814551163
nan, nan
0.46548118389574505, 0.0
0.46548118389574505, 0.0
0.46548118389574505, 0.0
0.46548118389574494, 1.1102230246251565e-16
0.4654811838957451, 5.551115123125783e-17
0.4654811838957452, 1.6653345369377348e-16
0.4654811838957451, 5.551115123125783e-17
0.4654811838957451, 5.551115123125783e-17
0.4654811838957451, 5.551115123125783e-17
nan, nan
nan, nan
nan, nan
nan, nan
nan, nan
0.4856346065888481, 0.025551472956606702
0.4819843961664757, 0.025289399639465696
0.4693027311124217, 0.03821141228255239
0.4665190497240198, 0.04099663875137886
0.4680652830799298, 0.03665014743167157
nan, nan
nan, nan
nan, nan
nan, nan
0.46548118389574505, 0.0
0.46548118389574505, 0.0
0.46548118389574505, 0.0
0.46548118389574505, 0.0
0.46548118389574494, 1.1102230246251565e-16
0.4654811838957453, 2.220446049250313e-16
nan, nan
nan, nan
nan, nan
nan, nan
nan, nan
nan, nan
nan, nan
nan, nan
nan, nan
nan, nan
nan, nan
nan, nan
0.46548118389574505, 0.0
0.46548118389574505, 0.0
0.46548118389574505, 0.0
0.46548118389574505, 0.0
0.4654811838957451, 5.551115123125783e-17
0.46548118389574505, 0.0
0.46548118389574517, 1.1102230246251565e-16
0.4654811838957451, 5.551115123125783e-17
nan, nan
nan, nan
nan, nan
nan, nan
0.4600831336322417, 2.7755575615628914e-16
0.4600831336322415, 2.4196749845665633e-16
0.45797989895724595, 0.039222417852868084
0.4471482326785568, 0.04259594968394357
0.44319120089774555, 0.049795592165382534
0.4431608372975847, 0.05793103434666369
nan, nan
nan, nan
0.4658063720886549, 0.0
0.46564377799219997, 0.00016259409645491552
0.465611259172909, 0.00015930902860136572
0.4656016239671932, 0.00015703464069342766
0.4656042280768461, 0.00015771063501707756
0.4655939375907741, 0.00015476683943176471
0.4655819114048299, 0.00015036410997700293
0.4655785249971988, 0.00014892577629603025
nan, nan
nan, nan
0.46008313363224196, 0.0
0.4223413707299857, 0.0754835258045126
0.41214777652511375, 0.07914401328357994
0.414376086882913, 0.07976867303586202
0.41013550094145423, 0.08124972385476707
0.4049572985013611, 0.08400948862838638
0.4073612824629829, 0.08333023190010724
0.4070469045068562, 0.08462530119917597
nan, nan
nan, nan
0.46548118389574505, 0.0
0.4656979760243516, 0.00015329518424556047
0.465676296811491, 0.00015930902860136572
0.46564979999577244, 0.00016248253960030387
0.46562406961687197, 0.00016139522961948483
0.4656216060699561, 0.0001610752807416549
0.4656231368708237, 0.00016127859222575652
0.46562169211881344, 0.00016108710190063563
nan, nan
nan, nan
0.46008313363224196, 0.0
0.44898261513157833, 0.044402074002654474
0.4544912960587553, 0.05642112037037276
0.4538089346149533, 0.05627194236791817
0.45535233669676045, 0.059312786156547205
0.45550701901368, 0.05574966671112967
0.44976313289530595, 0.05394973480848188
0.44981865859402526, 0.05192784537405348
nan, nan
nan, nan
nan, nan
0.46548118389574505, 0.0
0.4655895799600483, 0.00015329518424556045
0.46558957996004835, 0.00015329518424556047
0.46559732253607006, 0.00015581633674857797
0.4655045984288186, 0.0006472945806267874
0.4655423000372207, 0.0004139890681677745
0.4655410775920618, 0.00036366507746813303
nan, nan
0.46008313363224196, 0.0
0.41290593000442155, 0.08171331364240764
0.41848365082510686, 0.08698534624065574
0.4229760759242194, 0.08785734256975797
0.42671856824497767, 0.08605951646500558
0.4303051283497487, 0.08229594659233565
0.4273681194838046, 0.08132638854439106
0.42846248411498045, 0.07817491631403489
0.4279805286916117, 0.07803901549747412
nan, nan
nan, nan
nan, nan
nan, nan
nan, nan
nan, nan
nan, nan
nan, nan
0.46548118389574505, 0.0
0.46548118389574505, 0.0
nan, nan
nan, nan
0.46008313363224196, 0.0
0.4418836263178895, 0.056871671623537415
0.44683009076173125, 0.046682698690327096
0.43939088248131813, 0.0564030264115716
0.43681489517765104, 0.059968112933210034
0.43687112831993397, 0.05918319153362911
0.43680118542728535, 0.060972142948008734
0.43484864990341116, 0.061056357880069106
nan, nan
nan, nan
nan, nan
nan, nan
0.46548118389574505, 0.0
0.4655624809439725, 0.00014081061803533418
0.46560312946808624, 0.00015743105694038253
0.4656275185825545, 0.00016177908332034295
0.46563627364928656, 0.00016242082698788944
0.465617356451526, 0.00016043298410989732
nan, nan
0.366756080954169, 0.0
0.39008784412368724, 0.040411799239769855
0.4245354174492863, 0.11892254114567585
0.4143887312469439, 0.11319282516707288
0.41746448735529, 0.11675938017157307
0.419959061261237, 0.1211859014515509
0.41826076994980155, 0.1192306304485848
0.4171437572385658, 0.11107696194114197
0.41575509727813487, 0.10563794585207682
nan, nan
nan, nan
nan, nan
nan, nan
nan, nan
nan, nan
nan, nan
0.4658063720886549, 0.0
0.4658063720886549, 0.0
0.4658063720886549, 0.0
nan, nan
nan, nan
nan, nan
0.45480078418482234, 0.08804470323065333
0.4443192718954589, 0.08546129181972231
0.44205058830513777, 0.08304825257319107
0.4379835478741106, 0.08300276313525111
0.4395989782096543, 0.0834831729495711
0.44094112676151553, 0.085693104069034
0.437980573118856, 0.08855256211548679
nan, nan
nan, nan
nan, nan
nan, nan
0.46548118389574505, 0.0
0.4654811838957451, 5.551115123125783e-17
0.46548118389574505, 0.0
0.4654811838957449, 1.6653345369377348e-16
0.4654811838957451, 5.551115123125783e-17
0.4654811838957451, 5.551115123125783e-17
nan, nan
nan, nan
nan, nan
nan, nan
nan, nan
nan, nan
0.5428454874154757, 0.0
0.5428454874154757, 0.0
0.5134972530052578, 0.0656246471608454
0.5076276061232143, 0.07043576258452267
nan, nan
nan, nan
nan, nan
nan, nan
nan, nan
nan, nan
nan, nan
0.46574133445007293, 0.0001300752771639324
0.46571768439967953, 0.0001448263896376052
0.46566184400291716, 0.0001615873121837105
nan, nan
nan, nan
nan, nan
nan, nan
nan, nan
nan, nan
nan, nan
0.5428454874154757, 0.0
0.5428454874154757, 0.0
0.5428454874154757, 0.0
nan, nan
nan, nan
nan, nan
nan, nan
0.4658063720886549, 0.0
0.4658063720886549, 0.0
0.4657938648504661, 6.253619094419828e-05
0.4657963662981037, 5.615736018889564e-05
0.4657966938686278, 5.525916157793918e-05
0.46579733908329624, 5.3439980382681925e-05
nan, nan
nan, nan
nan, nan
0.562527147116828, 0.01968165970135244
0.497041824045371, 0.10398734646683745
0.477032040060427, 0.11836606151223578
0.47921622726252483, 0.1125795299405519
0.4772188531850941, 0.10883087510689099
0.47783855762703537, 0.11045428055259256
0.4787097921523015, 0.10984276439446132
nan, nan
nan, nan
nan, nan
0.4655895799600483, 0.00015329518424556045
0.46564377799219997, 0.00016259409645491552
0.465630228484162, 0.00016202855005807153
0.46560125338235786, 0.00015693469265835194
0.4655952850160643, 0.0001551943023035803
0.4655865560355077, 0.00015219227271545788
0.4655726690651059, 0.00014622024719414636
nan, nan
nan, nan
0.4134196072932052, 0.0466635263390362
0.42876407997729393, 0.06583357772633346
0.45257382052573714, 0.06879695175389099
0.4546873323968908, 0.07451871049912664
0.4596938909868685, 0.08378760754191539
0.46391887857131436, 0.08547818680965924
0.45490785910218295, 0.08774729013381428
0.4571911766106989, 0.08800007575048863
nan, nan
nan, nan
0.4658063720886549, 0.0
0.4658063720886549, 0.0
0.4658063720886549, 0.0
0.46580637208865505, 1.6653345369377348e-16
0.4658063720886548, 1.1102230246251565e-16
0.46580185558597553, 3.8056728026761146e-05
0.46580188053902893, 3.795292990199903e-05
0.46580110095834576, 4.106488189493958e-05
nan, nan
nan, nan
nan, nan
0.47446401805306326, 0.07832022050006968
0.5041368401988601, 0.08314934796734504
0.5014314518146974, 0.08926620140784126
0.49923783911246805, 0.09643833455658878
0.4997808047256254, 0.09838140212916442
0.49741478099953235, 0.09794673314703066
0.4982659769175302, 0.09547173619977875
nan, nan
nan, nan
0.4658063720886549, 0.0
0.4658063720886549, 0.0
0.4657298572197349, 0.0001379391416131613
0.46574260969788817, 0.00012910900105234793
0.4657318497944464, 0.00013667552030652443
0.465723345315997, 0.0001417952086135494
0.46570981154668567, 0.00014858132414262727
0.4657080204472986, 0.00014936447758716592
nan, nan
0.5428454874154757, 0.0
0.5262930166588289, 0.03310494151329355
0.5072396792530345, 0.05112229661836209
0.504064363335596, 0.054091439321001224
0.5038516457128115, 0.054932368901538256
0.5041223601577223, 0.06058762754325482
0.5067046836679993, 0.06164802539568419
0.5059757322811064, 0.06029245733533363
0.5037402284068323, 0.060158652788031695
nan, nan
nan, nan
nan, nan
nan, nan
nan, nan
nan, nan
0.4658063720886549, 0.0
0.465789256920607, 7.261350832684442e-05
0.46579088693661136, 6.925170522159024e-05
0.46579175688897345, 6.737274160716681e-05
nan, nan
nan, nan
0.5428454874154757, 0.0
0.5363583186321526, 0.07008887619494279
0.49932707149960937, 0.11706317369732644
0.4908176982879223, 0.12965826809489286
0.5013203571175617, 0.1202848594991348
0.4994307080322836, 0.12231813705574157
0.5021214678984616, 0.12371950044256491
0.5027257899031536, 0.12470292559081275
nan, nan
nan, nan
nan, nan
0.4658063720886549, 0.0
0.4656979760243516, 0.00015329518424556047
0.46569797602435153, 0.00015329518424556045
0.465708815630782, 0.00014901995091152028
0.46571300122138387, 0.00014712234617270353
0.4657105893845615, 0.00014823318809467563
0.4657040148023072, 0.00015102439177196885
nan, nan
nan, nan
0.5152580361543978, 0.039014547724723195
0.5334850746090779, 0.05221095190999454
0.5156249516980996, 0.06543840165565384
0.5142438772560108, 0.07151181050507739
0.5174946716702679, 0.07639560512608076
0.508596623167339, 0.08359763684425826
0.50942938565978, 0.08624696209272348
0.5026645519924844, 0.08641931195145684
nan, nan
nan, nan
nan, nan
0.4658063720886549, 0.0
0.4658063720886549, 0.0
0.46577024006722045, 0.0001021967894970403
0.4657673495055057, 0.00010567365471734539
0.4657552710869118, 0.00011834749694667939
0.46574754407385716, 0.00012517763578016072
0.4657435308431207, 0.00012839863291785427
nan, nan
nan, nan
nan, nan
0.6694471822820046, 0.0
0.6314666738220459, 0.05801618498355711
0.6175710552647538, 0.06740114149417448
0.6045631114198181, 0.08168016751538835
0.6072703324993028, 0.07810394998561432
0.6075382049791962, 0.07773435477299037
0.6050623261903695, 0.08009806449039307
nan, nan
nan, nan
nan, nan
nan, nan
0.4658063720886549, 0.0
0.4657250750404274, 0.00014081061803533418
0.4656979760243516, 0.00015329518424556047
0.4656932631519908, 0.00015488079016613563
0.4657110583079743, 0.00014802094213752648
0.4657128539155304, 0.00014719156571633626
nan, nan
0.40710990326821805, 0.13573558414725762
0.4533334409709281, 0.14284481155449105
0.45391773988183437, 0.15563362026179436
0.4496231051624714, 0.15606149261593902
0.4387494680288587, 0.15393313342990095
0.43404860037549536, 0.15209043561710844
0.44261844336782447, 0.15384496567667016
0.44566584692438177, 0.15148237440334686
0.4541258075127124, 0.1538932763220077
nan, nan
nan, nan
nan, nan
nan, nan
nan, nan
nan, nan
nan, nan
0.4658063720886549, 0.0
0.46580637208865494, 5.551115123125783e-17
0.4658063720886548, 1.1102230246251565e-16
nan, nan
nan, nan
nan, nan
0.5428454874154757, 0.0
0.5428454874154757, 0.0
0.5126820242716407, 0.08531515733230498
0.49878922126099556, 0.08727132650669622
0.4899779680300996, 0.09313276660387684
0.48913814850444665, 0.09172106883582003
0.4938619847569038, 0.08628219130661978
nan, nan
nan, nan
0.46548118389574505, 0.0
0.4655624809439725, 0.00014081061803533418
0.4655508670799401, 0.0001334331390060727
0.46556987158472046, 0.0001448263896376052
0.46557151394933116, 0.00014565283488569383
0.4655652842904631, 0.00014239234175206157
0.46556353674979367, 0.00014141493280089005
0.4655544244797338, 0.00013584104685970423
nan, nan
0.4600831336322414, 0.0
0.4600831336322414, 0.0
0.4738768592627804, 0.03084370817286645
0.4687949603462661, 0.025399121242853
0.4701951608417152, 0.02872882389041803
0.4701215624863873, 0.03760115341527332
0.4685163300312176, 0.0380587171243676
0.4673241877739433, 0.038445536073475166
0.46870726549661207, 0.03730714209454926
nan, nan
nan, nan
nan, nan
nan, nan
nan, nan
nan, nan
nan, nan
nan, nan
0.46548118389574505, 0.0
0.46564377799219997, 0.00016259409645491552
nan, nan
nan, nan
0.5428454874154757, 0.0
0.5024933288335365, 0.05325749916803718
0.5066127206236165, 0.045054480048529105
0.5005092416878167, 0.04799390675090771
0.5037568142114516, 0.052904536043047984
0.5037865695932767, 0.05255571156206617
0.5026465848815763, 0.04931606105717834
0.5057839683891402, 0.04809293278845998