nan, nan
nan, nan
nan, nan
nan, nan
nan, nan
nan, nan
nan, nan
nan, nan
nan, nan
nan, nan
nan, nan
nan, nan
nan, nan
nan, nan
nan, nan
nan, nan
nan, nan
nan, nan
nan, nan
nan, nan
nan, nan
nan, nan
nan, nan
nan, nan
nan, nan
nan, nan
nan, nan
nan, nan
nan, nan
nan, nan
nan, nan
nan, nan
nan, nan
nan, nan
nan, nan
nan, nan
nan, nan
nan, nan
nan, nan
nan, nan
nan, nan
nan, nan
nan, nan
nan, nan
nan, nan
nan, nan
nan, nan
nan, nan
nan, nan
nan, nan
nan, nan
nan, nan
nan, nan
nan, nan
nan, nan
nan, nan
nan, nan
nan, nan
nan, nan
nan, nan
nan, nan
nan, nan
nan, nan
nan, nan
nan, nan
nan, nan
nan, nan
nan, nan
nan, nan
nan, nan
nan, nan
nan, nan
nan, nan
nan, nan
nan, nan
nan, nan
nan, nan
nan, nan
nan, nan
nan, nan
nan, nan
nan, nan
nan, nan
nan, nan
nan, nan
nan, nan
nan, nan
nan, nan
nan, nan
nan, nan
nan, nan
nan, nan
nan, nan
nan, nan
nan, nan
nan, nan
nan, nan
nan, nan
nan, nan
nan, nan
nan, nan
nan, nan
nan, nan
nan, nan
nan, nan
nan, nan
nan, nan
nan, nan
nan, nan
nan, nan
nan, nan
nan, nan
nan, nan
nan, nan
nan, nan
nan, nan
nan, nan
nan, nan
nan, nan
nan, nan
nan, nan
nan, nan
nan, nan
nan, nan
nan, nan
nan, nan
nan, nan
nan, nan
nan, nan
nan, nan
nan, nan
nan, nan
nan, nan
nan, nan
nan, nan
nan, nan
nan, nan
nan, nan
nan, nan
nan, nan
nan, nan
nan, nan
nan, nan
nan, nan
nan, nan
nan, nan
nan, nan
nan, nan
nan, nan
nan, nan
nan, nan
nan, nan
nan, nan
nan, nan
nan, nan
nan, nan
nan, nan
nan, nan
nan, nan
nan, nan
nan, nan
nan, nan
nan, nan
nan, nan
nan, nan
nan, nan
nan, nan
nan, nan
nan, nan
nan, nan
nan, nan
nan, nan
nan, nan
nan, nan
nan, nan
nan, nan
nan, nan
nan, nan
nan, nan
nan, nan
nan, nan
nan, nan
nan, nan
nan, nan
nan, nan
nan, nan
nan, nan
nan, nan
nan, nan
nan, nan
nan, nan
nan, nan
nan, nan
nan, nan
nan, nan
nan, nan
nan, nan
nan, nan
nan, nan
nan, nan
nan, nan
nan, nan
nan, nan
nan, nan
nan, nan
nan, nan
nan, nan
nan, nan
nan, nan
nan, nan
nan, nan
nan, nan
nan, nan
nan, nan
nan, nan
nan, nan
nan, nan
nan, nan
nan, nan
nan, nan
nan, nan
nan, nan
nan, nan
nan, nan
nan, nan
0.46548118389574505, 0.0
0.46548118389574505, 0.0
0.46548118389574517, 1.1102230246251565e-16
0.4654811838957449, 1.6653345369377348e-16
0.46548118389574505, 0.0
nan, nan
nan, nan
nan, nan
nan, nan
nan, nan
0.4600831336322418, 0.0
0.46008313363224185, 5.551115123125783e-17
0.4507504283644345, 0.027998115803421885
0.452616969417996, 0.025318994704608223
0.45279195764176733, 0.025046012026349394
nan, nan
nan, nan
nan, nan
nan, nan
nan, nan
0.46548118389574505, 0.0
0.465481183895745, 5.551115123125783e-17
0.46548118389574505, 0.0
0.4654811838957452, 1.6653345369377348e-16
0.46548118389574517, 1.1102230246251565e-16
nan, nan
nan, nan
nan, nan
nan, nan
nan, nan
nan, nan
nan, nan
nan, nan
nan, nan
nan, nan
nan, nan
nan, nan
nan, nan
nan, nan
nan, nan
0.46548118389574505, 0.0
0.46548118389574505, 0.0
0.465481183895745, 5.551115123125783e-17
0.4654811838957451, 5.551115123125783e-17
0.4654811838957449, 1.6653345369377348e-16
nan, nan
nan, nan
nan, nan
nan, nan
nan, nan
nan, nan
nan, nan
nan, nan
nan, nan
nan, nan
nan, nan
nan, nan
nan, nan
nan, nan
nan, nan
nan, nan
nan, nan
nan, nan
nan, nan
0.46548118389574505, 0.0
nan, nan
nan, nan
nan, nan
nan, nan
nan, nan
nan, nan
nan, nan
nan, nan
nan, nan
nan, nan
nan, nan
nan, nan
nan, nan
nan, nan
nan, nan
nan, nan
0.46548118389574505, 0.0
0.46503134637378646, 0.0014919422769601204
0.46516365152730366, 0.0012701294737656173
0.46505780740449, 0.0014512614949877018
nan, nan
nan, nan
nan, nan
nan, nan
nan, nan
nan, nan
nan, nan
nan, nan
nan, nan
nan, nan
nan, nan
nan, nan
nan, nan
nan, nan
nan, nan
nan, nan
nan, nan
nan, nan
nan, nan
0.46548118389574505, 0.0
nan, nan
nan, nan
nan, nan
nan, nan
nan, nan
nan, nan
nan, nan
nan, nan
nan, nan
nan, nan
nan, nan
nan, nan
nan, nan
nan, nan
nan, nan
nan, nan
0.46548118389574505, 0.0
0.46548118389574517, 1.1102230246251565e-16
0.4654811838957449, 1.6653345369377348e-16
0.46548118389574505, 0.0
nan, nan
nan, nan
nan, nan
nan, nan
nan, nan
nan, nan
nan, nan
0.3755322678313759, 0.0
0.3755322678313759, 0.0
0.37553226783137583, 6.509259464525837e-17
nan, nan
nan, nan
nan, nan
nan, nan
nan, nan
nan, nan
nan, nan
nan, nan
nan, nan
nan, nan
nan, nan
nan, nan
nan, nan
nan, nan
nan, nan
0.46008313363224196, 0.0
0.4289741160728843, 0.04399479454454635
0.4445286248525632, 0.034780938987979154
0.4445286248525632, 0.034780938987979154
0.4491034803759981, 0.030069018810149107
nan, nan
nan, nan
nan, nan
nan, nan
nan, nan
nan, nan
nan, nan
0.46548118389574505, 0.0
0.46548118389574505, 0.0
0.4654811838957451, 5.551115123125783e-17
nan, nan
nan, nan
nan, nan
nan, nan
nan, nan
nan, nan
nan, nan
nan, nan
nan, nan
nan, nan
nan, nan
nan, nan
nan, nan
nan, nan
nan, nan
nan, nan
nan, nan
0.46548118389574505, 0.0
0.465481183895745, 5.551115123125783e-17
0.46548118389574505, 0.0
nan, nan
nan, nan
nan, nan
nan, nan
nan, nan
nan, nan
nan, nan
nan, nan
nan, nan
nan, nan
nan, nan
nan, nan
nan, nan
nan, nan
nan, nan
nan, nan
0.46548118389574505, 0.0
0.46548118389574505, 0.0
0.4654811838957451, 5.551115123125783e-17
0.46548118389574494, 1.1102230246251565e-16
nan, nan
nan, nan
nan, nan
nan, nan
nan, nan
nan, nan
nan, nan
nan, nan
nan, nan
nan, nan
nan, nan
nan, nan
0.46548118389574505, 0.0
0.46548118389574505, 0.0
0.46548118389574505, 0.0
0.4654811838957451, 5.551115123125783e-17
0.4654811838957449, 1.6653345369377348e-16
0.46544943065890104, 0.00041279207897382557
0.46544737564774824, 0.0004258586906188621
0.4654211314206258, 0.000566180165118826
nan, nan
nan, nan
0.46008313363224196, 0.0
0.4414177230966274, 0.037330821071229175
0.45159885611605355, 0.0268296412521116
0.4613352475673666, 0.032024827093613414
0.4594335006929267, 0.03189071256206489
0.45893889337316524, 0.039172404351212005
0.4581038148154763, 0.040767043765902546
0.45984799191253145, 0.04167492513596645
nan, nan
nan, nan
nan, nan
0.46548118389574505, 0.0
0.465481183895745, 5.551115123125783e-17
0.4654811838957451, 5.551115123125783e-17
0.4654811838957449, 1.6653345369377348e-16
0.4654931393440137, 6.119508047727666e-05
0.46549297319579014, 6.078448471248746e-05
0.46549206703473134, 5.848611447109793e-05
nan, nan
nan, nan
nan, nan
0.46008313363224196, 0.0
0.460083133632242, 5.551115123125783e-17
0.4702602730644036, 0.03375375293561047
0.47612382553727944, 0.03981615835262284
0.4765138877050954, 0.04425404210799365
0.4796544805844011, 0.05092446418993642
0.4776744016261493, 0.05324701122036546
nan, nan
nan, nan
nan, nan
nan, nan
0.46548118389574505, 0.0
0.46548118389574505, 0.0
0.46548118389574505, 0.0
0.46548118389574505, 0.0
0.46548118389574505, 0.0
0.46548118389574494, 1.1102230246251565e-16
nan, nan
0.46008313363224196, 0.0
0.460083133632242, 5.551115123125783e-17
0.46008313363224207, 1.1102230246251565e-16
0.460083133632242, 1.0902173675630575e-16
0.45697152431207577, 0.016792293846092977
0.4550321735481658, 0.024530591188325575
0.45538485657090205, 0.02371390365081608
0.4580169192752862, 0.01821268467612757
0.4565503415040697, 0.02630767461137233
nan, nan
nan, nan
nan, nan
nan, nan
nan, nan
nan, nan
nan, nan
nan, nan
nan, nan
nan, nan
nan, nan
0.46008313363224196, 0.0
0.48767058489332, 0.03901454772472337
0.49456744770858946, 0.040802390668227516
0.49810907996507925, 0.041244929734850264
0.5002658542335634, 0.042771351181796806
0.49944210452223053, 0.04465136606520229
0.4984592565390875, 0.04760633076440707
0.4942044325981745, 0.05076405662295764
0.49054447373197013, 0.05064144729290013
nan, nan
nan, nan
nan, nan
0.46580637208865433, 0.0
0.4656762968114906, 0.00015930902860109377
0.46564377799219975, 0.00016259409645463796
0.4656257119814825, 0.00016158731218343468
0.46557714106742304, 0.00014831170034165341
0.4655600757058592, 0.00013939428777128617
0.4648042441720716, 0.015403167900157722
nan, nan
nan, nan
0.47663560438888875, 0.03310494151329372
0.5142914789294, 0.07220914966050415
0.5275084303752376, 0.08039735144334419
0.5305370027412901, 0.07970322527316025
0.5293488577966455, 0.08056845304555761
0.5305089710214221, 0.08247463683303216
0.5329081778789354, 0.08269129961873257
0.5273596827442176, 0.07864798497065911
nan, nan
nan, nan
nan, nan
0.46548118389574505, 0.0
0.46556248094397235, 0.0001408106180350938
0.4655895799600483, 0.0001532951842452988
0.465621805817003, 0.00016110264963380095
0.4656169767675095, 0.00016036999269501394
0.46560453114133143, 0.00015778632671691409
0.46559708711990694, 0.0001557459554737949
nan, nan
nan, nan
0.4367513704627237, 0.040411799239769855
0.4341589523327773, 0.041801486309981144
0.42579972652601106, 0.04499130291706906
0.42850962760243105, 0.05121130218640532
0.4311650291470985, 0.05337812697689062
0.42960254524874486, 0.056132578905965104
0.4329532498211369, 0.05404540210253395
0.4343593072954544, 0.05352220924720745
nan, nan
nan, nan
nan, nan
nan, nan
nan, nan
0.4656979760243512, 0.00015329518424529877
0.4656289967107039, 0.00016192082608250177
0.465603129468086, 0.0001574310569401138
0.4656016239671929, 0.0001570346406931596
0.46559008412778924, 0.00015347250283538115
nan, nan
nan, nan
nan, nan
0.5048211812077377, 0.038024306207738445
0.5025832674184852, 0.040324367536444077
0.5055658039235181, 0.03991823405163355
0.5038517106431433, 0.04875185160102408
0.5025105361719387, 0.04982478358909923
0.5023525472824111, 0.0532270336927512
0.5008532247006952, 0.05466248729960326
nan, nan
nan, nan
nan, nan
nan, nan
nan, nan
nan, nan
0.46548118389574505, 0.0
0.46548118389574505, 0.0
0.42551860362629146, 0.10573104914143085
0.411129361808203, 0.1095746455966626
nan, nan
0.46008313363224196, 0.0
0.48767058489332, 0.03901454772472333
0.47724069095914606, 0.05206188511064556
0.4736749584390849, 0.058663933971486656
0.47830749728646815, 0.05878875848438779
0.4801208919166064, 0.06287557335727684
0.47858622106587023, 0.06325688877311293
0.47878152865600504, 0.06407405877759827
0.4786138757772775, 0.06374371918955485
nan, nan
nan, nan
nan, nan
nan, nan
nan, nan
0.46548118389574505, 0.0
0.46548118389574505, 0.0
0.4654992499064622, 7.448807042048204e-05
0.4654919043856213, 5.806244764679395e-05
0.46548756013482173, 4.508681889567612e-05
nan, nan
nan, nan
nan, nan
0.3520819637490599, 0.0
0.4156698049711986, 0.08992678745837555
0.4214424354746117, 0.10299885575960743
0.404755284509146, 0.08716271488602391
0.4178295969762355, 0.09220761639090251
0.4196434310512087, 0.09070021279135813
0.41819421845656535, 0.08920248595711998
nan, nan
nan, nan
nan, nan
nan, nan
nan, nan
0.46580637208865433, 0.0
0.46580637208865433, 0.0
0.4658063720886544, 5.551115123125783e-17
0.46578394531672945, 8.24012216902209e-05
0.46579159080715843, 6.773634132330267e-05
nan, nan
nan, nan
0.3520819637490599, 0.0
0.379333895701405, 0.06675332778829449
0.3884615459867258, 0.08080427938818734
0.4007166101219286, 0.08814562535302756
0.3988409183588035, 0.08853057829034215
0.39907204414383274, 0.08751121931548952
0.4058329091935799, 0.09267939391841212
0.4011615988292239, 0.08607119772580926
nan, nan
nan, nan
nan, nan
0.46548118389574505, 0.0
0.4655895799600482, 0.00015329518424529877
0.4655787403536179, 0.0001490199509112659
0.46560843144949215, 0.0001587055831422602
0.46563256460623725, 0.00016220696710424806
0.46562740945899955, 0.0001617680788127754
0.4656206661131526, 0.0001609430994134548
nan, nan
0.5428454874154761, 0.0
0.5428454874154761, 0.0
0.5428454874154761, 0.0
0.5292195214393034, 0.04912911900481798
0.5256072525527793, 0.05249807438165965
0.5240992992198409, 0.05596034924011249
0.5231976253699698, 0.05879591414137532
0.5231183820465638, 0.06020867606622135
0.5236290885673721, 0.059663006297278824
nan, nan
nan, nan
nan, nan
nan, nan
nan, nan
0.46548118389574505, 0.0
0.4655624809439724, 0.0001408106180350938
0.46559732253606995, 0.00015581633674831202
0.4656130169469245, 0.00015965775363406908
0.46560816214250017, 0.0001586453637900475
nan, nan
nan, nan
0.27137431912096044, 0.0
0.2713743191209605, 5.551115123125783e-17
0.29929423951523915, 0.07237494653844039
0.3051412854167258, 0.07785924398275071
0.31111031451617627, 0.08248447388712819
0.31311480628788035, 0.08340857582054104
0.3131860338419532, 0.08482566534151754
0.31274541106109377, 0.08468647020702064
nan, nan
nan, nan
nan, nan
nan, nan
nan, nan
nan, nan
nan, nan
nan, nan
nan, nan
0.1457805417401157, 0.0
nan, nan
0.27137431912096044, 0.0
0.27137431912096044, 0.0
0.29852143595041203, 0.0814413504883547
0.2884180221878418, 0.06130205751642705
0.3130269258559143, 0.09931057588254254
0.3169438382606525, 0.10255545219673859
0.31373916307916205, 0.09783281192852637
0.3100299104276958, 0.0945316711751336
0.30549814000083825, 0.09179616773340489
nan, nan
nan, nan
nan, nan
nan, nan
0.4656437779921997, 0.00016259409645463796
0.4655353819278966, 0.000121190484137576
0.4655667597359843, 0.0001431957695305489
0.46555729177068106, 0.00013768432622984406
0.4655667597359845, 0.00014319576953054886
0.46555213404692525, 0.000134306468557687
nan, nan
nan, nan
0.2713743191209605, 5.551115123125783e-17
0.2818155179015187, 0.05220599390279147
0.2845732970077345, 0.056598843791473036
0.28593454103340454, 0.058565132170189466
0.28368489498314364, 0.054084646631924575
0.28507200203427424, 0.05845634832232626
0.2873636919974017, 0.05942318377353137
0.29401212951313765, 0.06994262778800153
nan, nan
nan, nan
nan, nan
nan, nan
nan, nan
nan, nan
nan, nan
nan, nan
nan, nan
nan, nan
0.27137431912096044, 0.0
0.27137431912096044, 0.0
0.27137431912096044, 0.0
0.27137431912096044, 0.0
0.2756942695131187, 0.028985192039106763
0.2774279229333782, 0.03352860756001791
0.27912493718958403, 0.037648240774864526
0.2768913493961489, 0.029221798483488454
0.27599261490391813, 0.031202780717923945
0.277385736018662, 0.03896644724841576
nan, nan
nan, nan
0.46548118389574505, 0.0
0.46548118389574505, 0.0
0.46548118389574505, 0.0
0.4655082829118209, 8.987726851114822e-05
0.4655107464587368, 9.348503252613897e-05
0.46552020647889425, 0.00010567365471716501
0.46551541423184084, 9.979772155924534e-05
0.46551229529461124, 9.565113923380226e-05
nan, nan
nan, nan
0.36572872637660114, 0.09435440725564068
0.3550434069038327, 0.11346186585019623
0.3522910394174776, 0.12039905867723256
0.3537025485202605, 0.12403336551126197
0.3510355232124137, 0.1218847138621597
0.349523908248447, 0.12036287119021159
0.3445346982709853, 0.11891316075184202
0.33671693440073797, 0.11270012687761741
nan, nan
nan, nan
0.46548118389574505, 0.0
0.46548118389574505, 0.0
0.46548118389574505, 0.0
0.465481183895745, 5.551115123125783e-17
0.46548118389574505, 0.0
0.46550150815780184, 7.871552847005691e-05
0.46552519432786804, 0.00011124187500934948
0.4655230209731955, 0.00010887875166022977
nan, nan
nan, nan
0.5428454874154761, 0.0
0.45235509798397094, 0.12797273599845768
0.428541837607259, 0.13403291011644997
0.41927144545093376, 0.13400563903856957
0.4227210581649558, 0.1327794893808842
0.41911731241051725, 0.13291512442428394
0.4183031174197268, 0.1342857937320829
0.41100808439044034, 0.13284636963571017
nan, nan
nan, nan
nan, nan
nan, nan
nan, nan
0.46548118389574505, 0.0
0.4654992499064623, 7.448807042048204e-05
0.46550335581798874, 8.196617102076438e-05
0.4655057779607552, 8.598157664967497e-05
0.4647519320302013, 0.01311352627059534
nan, nan
0.5428454874154761, 0.0
0.5221548989696676, 0.035837150426638036
0.5336496703284501, 0.026009698483148935
0.5301128176026708, 0.029860757577304962
0.5290517617849371, 0.030843708172866476
0.5268573054346241, 0.03267411223579256
0.5263293159368043, 0.03307768593401761
0.523797592850459, 0.03575345277343021
0.520811364304003, 0.04038145644926956
nan, nan
nan, nan
nan, nan
nan, nan
nan, nan
0.46548118389574505, 0.0
0.46548118389574505, 0.0
0.4654811838957451, 5.551115123125783e-17
0.4654811838957451, 5.551115123125783e-17
0.4654811838957452, 1.6653345369377348e-16
nan, nan
nan, nan
nan, nan
nan, nan
nan, nan
nan, nan
nan, nan
nan, nan
nan, nan
nan, nan
nan, nan
nan, nan
nan, nan
nan, nan
0.46548118389574505, 0.0
0.46548118389574505, 0.0
0.46548118389574505, 0.0
0.4654811838957451, 5.551115123125783e-17
0.46548118389574505, 0.0
0.46548118389574483, 2.220446049250313e-16
nan, nan
nan, nan
nan, nan
nan, nan
nan, nan
nan, nan
nan, nan
nan, nan
nan, nan
nan, nan
nan, nan
nan, nan
nan, nan
nan, nan
0.46548118389574505, 0.0
0.46548118389574505, 0.0
0.46548118389574505, 0.0
0.46548118389574505, 0.0
0.46548118389574483, 2.220446049250313e-16
0.46548118389574517, 1.1102230246251565e-16
nan, nan
nan, nan
nan, nan
nan, nan
nan, nan
nan, nan
nan, nan
nan, nan
nan, nan
nan, nan
nan, nan
nan, nan
nan, nan
nan, nan
nan, nan
nan, nan
nan, nan
nan, nan
nan, nan
nan, nan
nan, nan
nan, nan
nan, nan
nan, nan
0.4117683531746043, 0.0
0.4117683531746043, 0.0
0.4117683531746043, 0.0
0.4117683531746044, 1.1102230246251565e-16
0.41176835317460436, 5.551115123125783e-17
0.41209175710079743, 0.0025872314095451675
nan, nan
nan, nan
nan, nan
nan, nan
nan, nan
nan, nan
0.46548118389574505, 0.0
0.46548118389574505, 0.0
0.46548118389574505, 0.0
0.4654811838957451, 5.551115123125783e-17
nan, nan
0.6694471822820046, 0.0
0.6694471822820046, 0.0
0.6694471822820046, 0.0
0.6395380324748956, 0.0732621556678789
0.6026062456663113, 0.08975468796494138
0.6103056131306697, 0.08484971836469514
0.5947843298559935, 0.0873590268310035
0.5898158431527531, 0.08742067320428291
0.5873594998725506, 0.08742624693650528
nan, nan
nan, nan
nan, nan
nan, nan
0.46548118389574505, 0.0
0.465546221534327, 0.00013007527716371036
0.46554769966247633, 0.00013117086093908628
0.465546221534327, 0.00013007527716371036
0.4650372684023137, 0.009084161490346179
0.46480066725653685, 0.01184142997436543
nan, nan
nan, nan
nan, nan
0.550751355229592, 0.06852906770039573
0.5586644103664195, 0.07252434828574245
0.5564035374701831, 0.07149507852248652
0.5543481984736044, 0.07048344506086085
0.5475688900633097, 0.06875951946170002
0.5439189561678401, 0.06793078110797618
0.5446848725346403, 0.0686419292020936
nan, nan
nan, nan
nan, nan
0.46548118389574505, 0.0
0.465481183895745, 5.551115123125783e-17
0.46549744330539056, 7.087312352620719e-05
0.4655057264008701, 8.589876793829932e-05
0.46551678844241395, 0.00010154060491800999
0.4655158581410986, 0.00010036608937358826
0.465514148178314, 9.814760085628834e-05
nan, nan
0.5111860795454544, 0.0
0.49658523785596514, 0.02308595774716351
0.4911099222224067, 0.024957938395730694
0.4926031901224678, 0.024582852027117196
0.4917388796195303, 0.029152253236334257
0.49141807991273173, 0.03349528528013519
0.4907999892380881, 0.03214998935756142
0.4891645760749034, 0.029941310687272564
0.4889415245109187, 0.029246109588388473
nan, nan
nan, nan
nan, nan
0.46548118389574505, 0.0
0.46548118389574505, 0.0
0.46548118389574505, 0.0
0.46551731591717943, 0.00010219678949686584
0.46554312450391827, 0.00012769383500654062
0.4539325686629551, 0.05986089900707036
0.4491049097433671, 0.07065815559742529
nan, nan
0.5111860795454544, 0.0
0.4998298693425183, 0.02124552389578671
0.4989213725262834, 0.021825206096987702
0.4875640033243389, 0.05336249175521415
0.4881100448609203, 0.05334721661416687
0.49013496258373246, 0.05339516235232092
0.49005471256164007, 0.053423371240990246
0.4883033074027412, 0.055047615081359275
0.4882374541922096, 0.05944713327129108
nan, nan
nan, nan
0.46548118389574505, 0.0
0.46548118389574505, 0.0
0.4655015081578019, 7.871552847005691e-05
0.4654893136005677, 5.076999034553051e-05
0.46549728232113674, 7.053976581811957e-05
0.46549829906379303, 7.261350832672048e-05
0.46549715986084833, 7.028487576245948e-05
0.46549671012246224, 6.933889163217486e-05
nan, nan
nan, nan
0.5111860795454544, 0.0
0.5111860795454544, 0.0
0.5095891124856664, 0.008891536284100538
0.5090343765596347, 0.010262969139895526
0.5088931571584236, 0.01575665787252726
0.5094730333372663, 0.02200946054351174
0.5065015078033615, 0.022565258254223623
0.5069090121215728, 0.02380390565924119
nan, nan
nan, nan
nan, nan
nan, nan
0.46580637208865433, 0.0
0.4656762968114906, 0.00015930902860109377
0.4656205502641349, 0.00016092642061153576
0.4655924324880561, 0.00015427403996182493
0.4655838749040324, 0.00015115707138568487
0.4655744868371707, 0.0001470903669062683
nan, nan
nan, nan
0.5287706465161821, 0.04973666619692247
0.5244924158448553, 0.051894505517108995
0.523978156663509, 0.050378670742612
0.5228144875545587, 0.049535911466605076
0.5220431493030856, 0.04946087438200539
0.5221177947579698, 0.04926067751282136
0.5210338351983657, 0.04866382342881997
0.5192934661658312, 0.045082556025792885
nan, nan
nan, nan
0.46548118389574505, 0.0
0.46548118389574505, 0.0
0.46548118389574505, 0.0
0.46548118389574505, 0.0
0.465481183895745, 5.551115123125783e-17
0.46548118389574505, 0.0
0.46548205338289195, 1.679258604660219e-05
0.465482058057554, 1.6837545547882875e-05
nan, nan
nan, nan
nan, nan
nan, nan
0.5111860795454544, 0.0
0.5009654903628118, 0.020441178365285036
0.4930690948368229, 0.030712006389298503
0.4847258652964223, 0.041556023536781
0.4866705972328897, 0.04038081103336385
0.48619252749615144, 0.041635172468615825
nan, nan
nan, nan
nan, nan
nan, nan
0.4655624809439724, 0.0001408106180350938
0.46556248094397235, 0.0001408106180350938
0.46556873456306663, 0.00014424050729900867
0.46556008985431857, 0.00013940278254002516
0.46554993797081734, 0.00013278136386124964
0.4655398452952504, 0.0001250393326386456
nan, nan
nan, nan
nan, nan
0.46574659211429864, 0.049043587556553005
0.4587524668266903, 0.05768348357677132
0.46554984606489325, 0.06311328904953152
0.46366317484919023, 0.06361060961695024
0.4647422485074583, 0.061874639562914904
0.4600523231396218, 0.06279392815843017
0.4600304631797909, 0.0634412317537702
nan, nan
nan, nan
nan, nan
0.46548118389574505, 0.0
0.465481183895745, 5.551115123125783e-17
0.46551074645873686, 9.348503252613899e-05
0.46551425388146456, 9.828705377716065e-05
0.4655187906935645, 0.00010399526615080118
0.46551769327510567, 0.00010266199061585219
0.465132302751567, 0.010547353555269328
nan, nan
nan, nan
nan, nan
0.4720794906445548, 0.05625817113409856
0.46803572395956033, 0.059681691626840276
0.46917276209308745, 0.05907904246733414
0.46868852361968383, 0.06412253346690361
0.4697876488332365, 0.06428036521809924
0.46957275755212474, 0.06382147453774913
0.4690446915290221, 0.0669779275697188
nan, nan
nan, nan
nan, nan
nan, nan
0.46548118389574505, 0.0
0.46548118389574505, 0.0
0.4654811838957451, 5.551115123125783e-17
0.46549021690110354, 5.343998038259069e-05
0.46549532251282816, 6.631599238826823e-05
0.46549032573249355, 5.3751690140551316e-05
nan, nan
nan, nan
nan, nan
0.41341960729320537, 0.04666352633903639
0.40558259719176953, 0.05722518522955592
0.41648270447986396, 0.05563296518444319
0.4208040549865819, 0.05417278218237973
0.42290418894620296, 0.053799236182959835
0.4214876853067429, 0.05882518758064295
0.41934614847689233, 0.059682953428859944
nan, nan
nan, nan
nan, nan
nan, nan
nan, nan
0.46548118389574505, 0.0
0.46548118389574505, 0.0
0.4654992499064623, 7.448807042048204e-05
0.46550150815780195, 7.87155284700569e-05
0.4640355086021113, 0.015348579314019558
nan, nan
0.366756080954169, 0.0
0.39786509851352664, 0.04399479454454635
0.42545544050914597, 0.05145570855645334
0.41550871748213475, 0.0534530585433253
0.41825030918504474, 0.05325665197985969
0.4170888771713404, 0.054940817385114644
0.41683255257944535, 0.05795617906786133
0.41622346909297947, 0.05881207469699206
0.4161439844096243, 0.06135204078035312
nan, nan
nan, nan
nan, nan
0.46548118389574505, 0.0
0.46548118389574505, 0.0
0.4654811838957451, 5.551115123125783e-17
0.46549829906379275, 7.261350832672047e-05
0.4654939363738985, 6.312154645394654e-05
0.4649241640357345, 0.009622060029803273
0.46527315700653293, 0.005979575881874793
nan, nan
nan, nan
0.34474490514650585, 0.0
0.3713050018300163, 0.04090488613045932
0.3852053575639325, 0.04678908566845836
0.38475861286211627, 0.04810359250210326
0.3854502779546491, 0.053734133251023435
0.3862588615588495, 0.05727584910691942
0.3851559128354904, 0.05769174517682245
0.3849096639744708, 0.06103929740579505
nan, nan
nan, nan
nan, nan
nan, nan
0.46548118389574505, 0.0
0.46551731591717943, 0.00010219678949686585
0.4655235997469941, 0.00010951725700181831
0.46025618262399237, 0.0405986915118882
0.46125535256104566, 0.0365499675177665
0.46075210449031895, 0.038624320922564
nan, nan
nan, nan
0.4289741160728843, 0.04399479454454635
0.4531570168607145, 0.03962315680163157
0.4601198905044266, 0.046348582232875184
0.45534974150717894, 0.05759948449155361
0.454244470605382, 0.0615673537112442
0.45545322212913864, 0.05822339556356157
0.4565900928217248, 0.06629700059753738
0.4498925021862727, 0.06763494076883815
nan, nan
nan, nan
nan, nan
nan, nan
0.1457805417401157, 0.0
0.1457805417401157, 0.0
0.20972067017124157, 0.12788025686225174
0.2021983021205209, 0.12187629193677146
0.23059907945487448, 0.14114657854174112
0.22697435562091042, 0.13915918591399418
nan, nan
nan, nan
0.36492181630352993, 0.17792367111194615
0.4405599935700325, 0.09953471772124979
0.42772891098173993, 0.09657025996227923
0.41544849470980705, 0.10090366843629141
0.41233927244640606, 0.10518170370867323
0.4082313741220175, 0.10483302865606266
0.4109611080161235, 0.09778088843598066
0.4103753304773826, 0.10045119132961566
nan, nan
nan, nan
nan, nan
nan, nan
0.46548118389574505, 0.0
0.46548118389574505, 0.0
0.46548118389574505, 0.0
0.46548118389574494, 1.1102230246251565e-16
0.46324551506948203, 0.026641068753015962
0.46312466810590025, 0.027346415571250223
nan, nan
nan, nan
nan, nan
nan, nan
0.45480078418482256, 0.08804470323065355
0.4688878416313214, 0.07312029125619146
0.45522547369696503, 0.09608875719960117
0.4387967211247443, 0.09624877469920813
0.43747728600979013, 0.09813068982643715
0.43243147717669833, 0.09641162551632204
nan, nan
nan, nan
nan, nan
nan, nan
0.46580637208865433, 0.0
0.46561125917290874, 0.00015930902860109374
0.46559943414771215, 0.0001564303795877167
0.46561938887773147, 0.00016075450630497848
0.46560882785931706, 0.00015879335128832266
0.4655923093573507, 0.00015423300499142702
nan, nan
nan, nan
0.5822088068181805, 0.0
0.5007916913608881, 0.057570594444499565
0.508592700725752, 0.056248202787666804
0.5156225062102404, 0.07733384330191048
0.5150211900241878, 0.08236230041680494
0.5182013499156172, 0.08523959061372001
0.5171908252613714, 0.08582769328576627
0.5177822152571514, 0.08360626315457786
nan, nan
nan, nan
0.4656437779921997, 0.00016259409645463796
0.465603129468086, 0.0001574310569401138
0.46559429283240916, 0.00015488079016587122
0.46559110666517917, 0.0001538264330724662
0.4655720967238703, 0.00014594052203750502
0.4655598918660035, 0.00013928373212142008
0.4655452875734596, 0.00012936953898924882
0.4655345481120174, 0.00012043950131601483
nan, nan
nan, nan
0.4600831336322418, 0.0
0.4600831336322418, 0.0
0.5199014332464598, 0.0945810362696501
0.5018040844055023, 0.08081466495480741
0.5075168613551015, 0.08174436985582
0.5004584094675009, 0.08346915163386229
0.5001193564032415, 0.08357080193999014
0.5018793699368518, 0.08223557601301863
nan, nan
nan, nan
nan, nan
nan, nan
0.46548118389574505, 0.0
0.46561125917290874, 0.00015930902860109374
0.4655812418012557, 0.00015008685826581967
0.4655740948080049, 0.00014690505111250408
0.4655859667579048, 0.0001519694093927813
0.46559536108347777, 0.0001552180503411282
nan, nan
0.46008313363224196, 0.0
0.47534884278048417, 0.04038926999329287
0.46912947979416325, 0.031983663580277544
0.469581636642008, 0.03201815273247298
0.47314476209916495, 0.040174386380179006
0.47281205185096925, 0.040973177671982865
0.4712978836988547, 0.04343659765901551
0.47065901211021505, 0.043710565817057054
0.47231624424791036, 0.04430604516205083
nan, nan
0.46548118389574505, 0.0
0.46548118389574505, 0.0
0.46548118389574505, 0.0
0.46549473340378295, 6.498115777347513e-05
0.46549118968629605, 5.615736018879977e-05
0.465495235237414, 6.61202707387831e-05
0.46549366290089067, 6.246838851091079e-05
0.4654927266834983, 6.016928071270843e-05
0.46549078354719625, 5.5041257252982416e-05
nan, nan
nan, nan
nan, nan
0.5211459702252113, 0.061062836592969336
0.5120087594221616, 0.07001406316561327
0.5108538672691416, 0.07126377958596904
0.5063888846722711, 0.07311195127747479
0.5035897893721, 0.07398349671231114
0.5003540628571941, 0.07395279180520438
0.5017044612267362, 0.07224413653429411