nan, nan
nan, nan
nan, nan
nan, nan
nan, nan
nan, nan
nan, nan
nan, nan
nan, nan
nan, nan
nan, nan
nan, nan
nan, nan
nan, nan
nan, nan
nan, nan
nan, nan
nan, nan
nan, nan
nan, nan
nan, nan
nan, nan
nan, nan
nan, nan
nan, nan
nan, nan
nan, nan
nan, nan
nan, nan
nan, nan
nan, nan
nan, nan
nan, nan
nan, nan
nan, nan
nan, nan
nan, nan
nan, nan
nan, nan
nan, nan
nan, nan
nan, nan
nan, nan
nan, nan
nan, nan
nan, nan
nan, nan
nan, nan
nan, nan
nan, nan
nan, nan
nan, nan
nan, nan
nan, nan
nan, nan
nan, nan
nan, nan
nan, nan
nan, nan
nan, nan
nan, nan
nan, nan
nan, nan
nan, nan
nan, nan
nan, nan
nan, nan
nan, nan
nan, nan
nan, nan
nan, nan
nan, nan
nan, nan
nan, nan
nan, nan
nan, nan
nan, nan
nan, nan
nan, nan
nan, nan
nan, nan
nan, nan
nan, nan
nan, nan
nan, nan
nan, nan
nan, nan
nan, nan
nan, nan
nan, nan
nan, nan
nan, nan
nan, nan
nan, nan
nan, nan
nan, nan
nan, nan
nan, nan
nan, nan
nan, nan
nan, nan
nan, nan
nan, nan
nan, nan
nan, nan
nan, nan
nan, nan
nan, nan
nan, nan
nan, nan
nan, nan
nan, nan
nan, nan
nan, nan
nan, nan
nan, nan
nan, nan
nan, nan
nan, nan
nan, nan
nan, nan
nan, nan
nan, nan
nan, nan
nan, nan
nan, nan
nan, nan
nan, nan
nan, nan
nan, nan
nan, nan
nan, nan
nan, nan
nan, nan
nan, nan
nan, nan
nan, nan
nan, nan
nan, nan
nan, nan
nan, nan
nan, nan
nan, nan
nan, nan
nan, nan
nan, nan
nan, nan
nan, nan
nan, nan
nan, nan
nan, nan
nan, nan
nan, nan
nan, nan
nan, nan
nan, nan
nan, nan
nan, nan
nan, nan
nan, nan
nan, nan
nan, nan
nan, nan
nan, nan
nan, nan
nan, nan
nan, nan
nan, nan
nan, nan
nan, nan
nan, nan
nan, nan
nan, nan
nan, nan
nan, nan
nan, nan
nan, nan
nan, nan
nan, nan
nan, nan
nan, nan
nan, nan
nan, nan
nan, nan
nan, nan
nan, nan
nan, nan
nan, nan
nan, nan
nan, nan
nan, nan
nan, nan
nan, nan
nan, nan
nan, nan
nan, nan
nan, nan
nan, nan
nan, nan
nan, nan
nan, nan
nan, nan
nan, nan
nan, nan
nan, nan
nan, nan
nan, nan
nan, nan
nan, nan
nan, nan
nan, nan
nan, nan
nan, nan
nan, nan
nan, nan
nan, nan
nan, nan
nan, nan
nan, nan
nan, nan
nan, nan
nan, nan
nan, nan
nan, nan
nan, nan
nan, nan
nan, nan
nan, nan
nan, nan
nan, nan
nan, nan
nan, nan
nan, nan
nan, nan
nan, nan
nan, nan
nan, nan
nan, nan
nan, nan
nan, nan
nan, nan
nan, nan
nan, nan
nan, nan
nan, nan
nan, nan
nan, nan
0.0855153256268097, 0.06026521611330599
0.11134327538965513, 0.05445009902866486
0.11564793368346271, 0.05219120811868229
nan, nan
nan, nan
nan, nan
nan, nan
nan, nan
nan, nan
nan, nan
nan, nan
nan, nan
nan, nan
nan, nan
nan, nan
nan, nan
nan, nan
0.1457805417401157, 0.0
0.1457805417401157, 0.0
0.1457805417401157, 0.0
0.1457805417401157, 0.0
0.1457805417401157, 0.0
0.1457805417401157, 0.0
nan, nan
nan, nan
nan, nan
nan, nan
nan, nan
nan, nan
nan, nan
nan, nan
nan, nan
nan, nan
nan, nan
nan, nan
nan, nan
nan, nan
nan, nan
0.1457805417401157, 0.0
0.1457805417401157, 0.0
0.1457805417401157, 0.0
0.1457805417401157, 0.0
0.14664373376849046, 0.007118063816360235
nan, nan
nan, nan
nan, nan
nan, nan
nan, nan
nan, nan
nan, nan
nan, nan
nan, nan
nan, nan
nan, nan
nan, nan
nan, nan
nan, nan
nan, nan
0.1457805417401157, 0.0
0.1457805417401157, 0.0
0.1457805417401157, 0.0
0.1457805417401157, 0.0
0.14640112603994118, 0.007849839470357637
nan, nan
nan, nan
nan, nan
nan, nan
nan, nan
nan, nan
nan, nan
nan, nan
nan, nan
nan, nan
nan, nan
nan, nan
nan, nan
nan, nan
0.24569461401202095, 0.0
0.22071609594404462, 0.04326406239151216
0.21495182254374243, 0.046114187202417806
0.21884945764741534, 0.04350718916243252
0.21983069537100536, 0.043493259049518763
0.21713129046855417, 0.04474529728698629
nan, nan
nan, nan
nan, nan
nan, nan
nan, nan
nan, nan
nan, nan
nan, nan
nan, nan
nan, nan
0.24569461401202095, 0.0
0.24569461401202095, 0.0
0.24569461401202095, 0.0
0.24569461401202095, 0.0
0.24212625428802434, 0.018541741024933785
0.23869647200634117, 0.024968459705060356
0.23744803646443852, 0.0271673794737418
0.23701794944498103, 0.027839772820233713
0.23702534445074475, 0.027844870017784518
0.23564812020838702, 0.02953364036096981
nan, nan
nan, nan
nan, nan
nan, nan
nan, nan
nan, nan
nan, nan
nan, nan
nan, nan
nan, nan
nan, nan
nan, nan
nan, nan
0.19573757787606832, 0.04995703613595262
0.21714773622004802, 0.04513657695455641
0.20572898510325885, 0.048947699037945804
0.19851296877251015, 0.04987988236614862
0.1963253077129619, 0.04995357878198219
0.1908398292352886, 0.049716370721731254
0.18715837502917176, 0.04899473303444685
nan, nan
nan, nan
nan, nan
nan, nan
nan, nan
nan, nan
nan, nan
nan, nan
nan, nan
nan, nan
nan, nan
nan, nan
nan, nan
nan, nan
nan, nan
0.24569461401202056, 0.0
0.24569461401202056, 0.0
0.22071609594404434, 0.04326406239151199
0.22218542053627824, 0.0423818012607962
0.22622744747998413, 0.038766270633378265
nan, nan
nan, nan
nan, nan
nan, nan
nan, nan
nan, nan
nan, nan
nan, nan
nan, nan
nan, nan
nan, nan
nan, nan
nan, nan
0.24569461401202095, 0.0
0.24569461401202095, 0.0
0.24569461401202095, 0.0
0.22428445566804128, 0.04099733195976342
0.2123899232547192, 0.047099945359618
0.20897721273005104, 0.046986634537266134
0.20836375208310545, 0.04689479239161814
nan, nan
nan, nan
nan, nan
nan, nan
nan, nan
nan, nan
nan, nan
nan, nan
nan, nan
nan, nan
nan, nan
nan, nan
nan, nan
0.1457805417401157, 0.0
0.1457805417401157, 0.0
0.1457805417401157, 0.0
0.1457805417401157, 0.0
0.1514360552649405, 0.02308853728204982
0.1497771046309919, 0.019579079615178244
0.14858187086923452, 0.016493779317503954
nan, nan
nan, nan
nan, nan
nan, nan
nan, nan
nan, nan
nan, nan
nan, nan
nan, nan
nan, nan
nan, nan
nan, nan
0.1457805417401157, 0.0
0.1457805417401157, 0.0
0.1457805417401157, 0.0
0.1457805417401157, 0.0
0.14578054174011573, 2.7755575615628914e-17
0.14578054174011573, 2.7755575615628914e-17
0.1457805417401157, 0.0
0.1457805417401157, 0.0
nan, nan
nan, nan
nan, nan
nan, nan
nan, nan
nan, nan
nan, nan
nan, nan
nan, nan
nan, nan
nan, nan
nan, nan
nan, nan
nan, nan
nan, nan
nan, nan
0.1457805417401157, 0.0
0.1457805417401157, 0.0
0.1457805417401157, 0.0
0.1457805417401157, 0.0
nan, nan
nan, nan
nan, nan
nan, nan
nan, nan
nan, nan
nan, nan
nan, nan
nan, nan
nan, nan
nan, nan
nan, nan
nan, nan
nan, nan
nan, nan
0.1457805417401157, 0.0
0.1457805417401157, 0.0
0.1457805417401157, 0.0
0.1457805417401157, 0.0
0.1457805417401157, 0.0
nan, nan
nan, nan
nan, nan
nan, nan
nan, nan
nan, nan
nan, nan
nan, nan
nan, nan
nan, nan
nan, nan
nan, nan
nan, nan
nan, nan
0.1457805417401157, 0.0
0.1457805417401157, 0.0
0.1457805417401157, 0.0
0.1457805417401157, 0.0
0.1457805417401157, 0.0
0.1457805417401157, 0.0
nan, nan
nan, nan
nan, nan
nan, nan
nan, nan
nan, nan
nan, nan
nan, nan
nan, nan
nan, nan
nan, nan
nan, nan
nan, nan
nan, nan
nan, nan
nan, nan
nan, nan
nan, nan
nan, nan
nan, nan
nan, nan
nan, nan
nan, nan
nan, nan
nan, nan
nan, nan
nan, nan
nan, nan
nan, nan
nan, nan
nan, nan
nan, nan
nan, nan
nan, nan
nan, nan
0.1457805417401157, 0.0
0.1457805417401157, 0.0
0.1457805417401157, 0.0
0.1457805417401157, 0.0
0.14578054174011576, 5.551115123125783e-17
nan, nan
nan, nan
nan, nan
nan, nan
nan, nan
nan, nan
nan, nan
nan, nan
nan, nan
nan, nan
nan, nan
nan, nan
nan, nan
nan, nan
nan, nan
nan, nan
nan, nan
nan, nan
nan, nan
0.1457805417401157, 0.0
nan, nan
nan, nan
nan, nan
nan, nan
nan, nan
nan, nan
nan, nan
nan, nan
nan, nan
nan, nan
nan, nan
nan, nan
nan, nan
nan, nan
nan, nan
nan, nan
0.1457805417401157, 0.0
0.1457805417401157, 0.0
0.1457805417401157, 0.0
0.1457805417401157, 0.0
nan, nan
nan, nan
nan, nan
nan, nan
nan, nan
nan, nan
nan, nan
nan, nan
nan, nan
nan, nan
nan, nan
nan, nan
nan, nan
nan, nan
nan, nan
0.1457805417401157, 0.0
0.1457805417401157, 0.0
0.1457805417401157, 0.0
0.14578054174011573, 2.7755575615628914e-17
0.14578054174011573, 2.7755575615628914e-17
nan, nan
nan, nan
nan, nan
nan, nan
nan, nan
nan, nan
nan, nan
nan, nan
nan, nan
nan, nan
nan, nan
nan, nan
0.1457805417401157, 0.0
0.1457805417401157, 0.0
0.1457805417401157, 0.0
0.1457805417401157, 0.0
0.1457805417401157, 0.0
0.14578054174011573, 2.7755575615628914e-17
0.1457805417401157, 0.0
0.1457805417401157, 0.0
nan, nan
nan, nan
nan, nan
nan, nan
nan, nan
nan, nan
nan, nan
nan, nan
nan, nan
nan, nan
nan, nan
nan, nan
0.1457805417401157, 0.0
0.1457805417401157, 0.0
0.1457805417401157, 0.0
0.14578054174011576, 5.551115123125783e-17
0.14636446575931036, 0.005868363765091358
0.14684411763222027, 0.007887689921937276
0.14715326412811777, 0.009226703390708985
0.14726626771294332, 0.009806374078302463
nan, nan
nan, nan
nan, nan
nan, nan
nan, nan
nan, nan
nan, nan
nan, nan
nan, nan
nan, nan
nan, nan
nan, nan
nan, nan
0.1457805417401157, 0.0
0.1457805417401157, 0.0
0.1457805417401157, 0.0
0.1457805417401157, 0.0
0.14848092207178887, 0.016202281990038623
0.14821747033211338, 0.015412489691799687
0.14817083055044836, 0.01526794054054117
nan, nan
nan, nan
nan, nan
nan, nan
nan, nan
nan, nan
nan, nan
nan, nan
nan, nan
nan, nan
nan, nan
nan, nan
nan, nan
nan, nan
nan, nan
nan, nan
nan, nan
0.1457805417401157, 0.0
0.1457805417401157, 0.0
0.1457805417401157, 0.0
nan, nan
nan, nan
nan, nan
nan, nan
nan, nan
nan, nan
nan, nan
nan, nan
nan, nan
nan, nan
nan, nan
nan, nan
nan, nan
0.1457805417401157, 0.0
0.1457805417401157, 0.0
0.1457805417401157, 0.0
0.1457805417401157, 0.0
0.1457805417401157, 0.0
0.14578054174011573, 2.7755575615628914e-17
0.1457805417401157, 0.0
nan, nan
nan, nan
nan, nan
nan, nan
nan, nan
nan, nan
nan, nan
nan, nan
nan, nan
nan, nan
nan, nan
nan, nan
nan, nan
nan, nan
nan, nan
nan, nan
nan, nan
nan, nan
nan, nan
nan, nan
nan, nan
nan, nan
nan, nan
nan, nan
nan, nan
nan, nan
nan, nan
nan, nan
nan, nan
nan, nan
nan, nan
nan, nan
nan, nan
nan, nan
nan, nan
0.1457805417401157, 0.0
0.1457805417401157, 0.0
0.1457805417401157, 0.0
0.1457805417401157, 0.0
0.14075844039734017, 0.024085151932954116
nan, nan
nan, nan
nan, nan
nan, nan
nan, nan
nan, nan
nan, nan
nan, nan
nan, nan
nan, nan
nan, nan
nan, nan
nan, nan
nan, nan
nan, nan
0.24569461401202056, 0.0
0.24569461401202056, 0.0
0.24569461401202056, 0.0
0.24569461401202058, 2.7755575615628914e-17
0.2421262542880239, 0.01854174102493371
nan, nan
nan, nan
nan, nan
nan, nan
nan, nan
nan, nan
nan, nan
nan, nan
nan, nan
nan, nan
nan, nan
nan, nan
nan, nan
nan, nan
nan, nan
nan, nan
0.24569461401202095, 0.0
0.24569461401202095, 0.0
0.24569461401202095, 0.0
0.24569461401202097, 2.7755575615628914e-17
nan, nan
nan, nan
nan, nan
nan, nan
nan, nan
nan, nan
nan, nan
nan, nan
nan, nan
nan, nan
nan, nan
nan, nan
nan, nan
nan, nan
0.1457805417401157, 0.0
0.1457805417401157, 0.0
0.1457805417401157, 0.0
0.1457805417401157, 0.0
0.1457805417401157, 0.0
0.1457805417401157, 0.0
nan, nan
nan, nan
nan, nan
nan, nan
nan, nan
nan, nan
nan, nan
nan, nan
nan, nan
nan, nan
nan, nan
nan, nan
nan, nan
nan, nan
nan, nan
nan, nan
nan, nan
nan, nan
0.1457805417401157, 0.0
0.1457805417401157, 0.0
nan, nan
nan, nan
nan, nan
nan, nan
nan, nan
nan, nan
nan, nan
nan, nan
nan, nan
nan, nan
nan, nan
nan, nan
nan, nan
nan, nan
nan, nan
0.1457805417401157, 0.0
0.1457805417401157, 0.0
0.14928648964760127, 0.009275866272754136
0.14889693988010289, 0.008814505030648326
0.1488969398801029, 0.008814505030648326
nan, nan
nan, nan
nan, nan
nan, nan
nan, nan
nan, nan
nan, nan
nan, nan
nan, nan
nan, nan
nan, nan
nan, nan
nan, nan
nan, nan
nan, nan
0.1457805417401157, 0.0
0.1457805417401157, 0.0
0.1457805417401157, 0.0
0.1457805417401157, 0.0
0.14578054174011573, 2.7755575615628914e-17
nan, nan
nan, nan
nan, nan
nan, nan
nan, nan
nan, nan
nan, nan
nan, nan
nan, nan
nan, nan
nan, nan
nan, nan
nan, nan
nan, nan
nan, nan
nan, nan
nan, nan
nan, nan
0.1457805417401157, 0.0
0.1457805417401157, 0.0
nan, nan
nan, nan
nan, nan
nan, nan
nan, nan
nan, nan
nan, nan
nan, nan
nan, nan
nan, nan
nan, nan
nan, nan
nan, nan
0.1457805417401157, 0.0
0.1457805417401157, 0.0
0.1457805417401157, 0.0
0.1457805417401157, 0.0
0.1457805417401157, 0.0
0.14511828661799148, 0.008909731436308493
0.14505590988304187, 0.009317462079879633
nan, nan
nan, nan
nan, nan
nan, nan
nan, nan
nan, nan
nan, nan
nan, nan
nan, nan
nan, nan
nan, nan
nan, nan
nan, nan
nan, nan
nan, nan
0.1457805417401157, 0.0
0.1457805417401157, 0.0
0.1657148320188358, 0.0359708871548707
0.17090095326726726, 0.04014715168254799
0.17138169632272815, 0.039720289434214434
nan, nan
nan, nan
nan, nan
nan, nan
nan, nan
nan, nan
nan, nan
nan, nan
nan, nan
nan, nan
nan, nan
0.24569461401202095, 0.0
0.22071609594404454, 0.043264062391512106
0.2123899232547191, 0.04709994535961793
0.2089394973247626, 0.04736964269116608
0.21001434289450702, 0.0469106374452878
0.21021575201951556, 0.04673898032494143
0.20785433678877582, 0.047292876322555355
0.20672463085419607, 0.04777148401950727
0.20500442298964974, 0.048407130994142185
nan, nan
nan, nan
nan, nan
nan, nan
nan, nan
nan, nan
nan, nan
nan, nan
nan, nan
nan, nan
nan, nan
0.2053407916979712, 0.0
0.2053407916979712, 0.0
0.20534079169797123, 2.7755575615628914e-17
0.2053407916979712, 0.0
0.20534079169797118, 2.7755575615628914e-17
0.20441737696994244, 0.007358404531976895
0.20428989785986928, 0.008552215991399905
0.20422995183049664, 0.009528839884853825
0.20305295041392477, 0.012323205796687704
nan, nan
nan, nan
nan, nan
nan, nan
nan, nan
nan, nan
nan, nan
nan, nan
nan, nan
nan, nan
nan, nan
nan, nan
0.24569461401202056, 0.0
0.24569461401202056, 0.0
0.24569461401202056, 0.0
0.24569461401202056, 0.0
0.24569461401202047, 8.326672684688674e-17
0.24569461401202058, 5.067451620406765e-17
0.24481242599575673, 0.008499911267623795
0.24452450710587254, 0.009398233889024698
nan, nan
nan, nan
nan, nan
nan, nan
nan, nan
nan, nan
0.3520819637490599, 0.0
0.3520819637490599, 0.0
0.3520819637490599, 0.0
0.3520819637490599, 0.0
nan, nan
nan, nan
0.24569461401202056, 0.0
0.24569461401202056, 0.0
0.24337634017292306, 0.012697708761477626
0.2408074522225882, 0.01998533055194929
0.23978065114417876, 0.021892675924467447
0.23931543694054438, 0.022605825341850058
0.237885801051917, 0.024839990949394895
0.23548435203279033, 0.028544649839462085
nan, nan
nan, nan
nan, nan
nan, nan
nan, nan
nan, nan
nan, nan
nan, nan
nan, nan
nan, nan
nan, nan
nan, nan
nan, nan
nan, nan
nan, nan
0.2322433399073376, 0.01902297427004097
0.23056193064425212, 0.019536210222265857
0.2293813666935751, 0.019803531139191425
0.22864370317509838, 0.019933285374899665
0.22873522710300973, 0.021845638494067978
nan, nan
nan, nan
nan, nan
nan, nan
nan, nan
nan, nan
nan, nan
nan, nan
nan, nan
nan, nan
nan, nan
nan, nan
0.24569461401202056, 0.0
0.24569461401202056, 0.0
0.23831209324433872, 0.023592731004194675
0.23674134414483192, 0.02570958489123275
0.23532521055240221, 0.026857548736039585
0.23323105345724793, 0.03003672109591056
0.23220065942424442, 0.030849305518547955
0.23137194417562132, 0.032338340244952815
nan, nan
nan, nan
nan, nan
nan, nan
nan, nan
nan, nan
nan, nan
nan, nan
nan, nan
nan, nan
0.24569461401202056, 0.0
0.24569461401202056, 0.0
0.23736844132269516, 0.027614790750196724
0.23661151653275647, 0.028723276243808507
0.23602551024377172, 0.02953959994692209
0.23499772038073832, 0.030609907090046455
0.23450449534807813, 0.030898161154529483
0.23282485217314058, 0.032904895575743554
0.23154574104158013, 0.0343138207375063
0.23223083750825857, 0.03363307000611968
nan, nan
nan, nan
nan, nan
nan, nan
nan, nan
nan, nan
nan, nan
nan, nan
nan, nan
nan, nan
0.24569461401202056, 0.0
0.24569461401202056, 0.0
0.24569461401202053, 2.7755575615628914e-17
0.24569461401202053, 2.7755575615628914e-17
0.24569461401202056, 0.0
0.24461564437487598, 0.009835726131481986
0.2441701535231727, 0.01185480641075421
0.24368424643967182, 0.013157424497461467
0.2434425595384594, 0.01477374226752702
0.24471195380765837, 0.009841646609640209
nan, nan
nan, nan
nan, nan
nan, nan
nan, nan
nan, nan
nan, nan
nan, nan
0.15811575577200646, 0.0
0.15811575577200646, 0.0
0.24569461401202056, 0.0
0.24569461401202056, 0.0
0.24569461401202056, 0.0
0.24569461401202056, 0.0
0.24569461401202053, 2.7755575615628914e-17
0.24569461401202056, 0.0
0.24447653792707105, 0.009276591088654362
0.24370597567870408, 0.011040496231541172
0.24300341125069608, 0.012644257487820925
0.243176849285778, 0.012433686510768024
nan, nan
nan, nan
nan, nan
nan, nan
nan, nan
nan, nan
0.14664432287753446, 0.0
0.14664432287753446, 0.0
0.24109363092517996, 0.103563453150231
0.2684100929961151, 0.10019339960047861
nan, nan
nan, nan
nan, nan
nan, nan
nan, nan
0.24569461401202056, 0.0
0.21238992325471895, 0.04709994535961782
0.22349148684048614, 0.04153824739542647
0.2231333718861065, 0.041775302872012775
0.2173097732561645, 0.0447855821163212
nan, nan
nan, nan
nan, nan
nan, nan
nan, nan
nan, nan
nan, nan
nan, nan
nan, nan
nan, nan
nan, nan
nan, nan
nan, nan
nan, nan
nan, nan
0.24569461401202056, 0.0
0.23224333990733745, 0.019022974270040877
0.22927445793020207, 0.030561186027376543
0.2294491772966347, 0.03135592548512298
0.22896786450347525, 0.032488936372908575
nan, nan
nan, nan
nan, nan
nan, nan
nan, nan
0.366756080954169, 0.0
0.3504144504302977, 0.0516767731363641
0.3529285474339701, 0.04789998120069226
0.3570098389298802, 0.04935522662845937
0.3582028251376041, 0.05153483061127159
nan, nan
nan, nan
nan, nan
0.4654811838957453, 0.0
0.2920542557638959, 0.12263135692238272
0.3028934387721365, 0.1259399258322306
0.305394788697115, 0.12655940780837868
0.3050666951769997, 0.12648672456346305
0.3043878026509225, 0.12609819862740596
0.2912679707737477, 0.12170544633715949
nan, nan
nan, nan
nan, nan
nan, nan
nan, nan
nan, nan
nan, nan
nan, nan
nan, nan
nan, nan
nan, nan
0.2053407916979712, 0.0
0.2053407916979712, 0.0
0.2053407916979712, 0.0
0.20695494459053315, 0.007907701907228705
0.2059172748738862, 0.004788628905626261
0.20721536985741504, 0.019675893746928415
0.206250500659608, 0.012877347557205314
0.20624675454884964, 0.014435721093501075
0.20492999791425798, 0.008010545038570733
nan, nan
nan, nan
nan, nan
nan, nan
nan, nan
nan, nan
nan, nan
nan, nan
nan, nan
nan, nan
nan, nan
nan, nan
0.2053407916979712, 0.0
0.1904507292085073, 0.02579034475962695
0.1894580583758764, 0.026338533537331697
0.18879627782078912, 0.026677227039628822
0.18942153426245104, 0.027185270825577253
0.18753191763804195, 0.028199932793231984
0.1870151360157569, 0.028633082973575814
0.18519670007635985, 0.0296021397665289
nan, nan
nan, nan
nan, nan
nan, nan
nan, nan
nan, nan
nan, nan
nan, nan
nan, nan
0.14297579357625773, 0.0
nan, nan
0.2053407916979712, 0.0
0.2053407916979712, 0.0
0.19683218456113474, 0.02084174590705275
0.19342874170640012, 0.0238240999831422
0.1965350228803855, 0.023641697453118077
0.19499855311318934, 0.023492916508319073
0.1947042405013606, 0.02391339955621442
0.1946060326512316, 0.024382952881851765
0.19232331860863003, 0.025915913628537467
nan, nan
nan, nan
nan, nan
nan, nan
nan, nan
nan, nan
nan, nan
nan, nan
0.3667560809541694, 0.0
0.3667560809541694, 0.0
nan, nan
nan, nan
0.2053407916979712, 0.0
0.21206642875031279, 0.015038981641027037
0.20895851034410606, 0.021976220037951407
0.20496702356160706, 0.026655162816289057
0.20583565950988963, 0.02800110011696749
0.20756032509732059, 0.03065796570215598
0.2068486409310641, 0.029436663234078002
0.2057845125211048, 0.029513498058865814
nan, nan
nan, nan
nan, nan
nan, nan
nan, nan
0.46008313363224196, 0.0
0.4077421214698009, 0.07402136926845901
0.3765149200068292, 0.08448116557934984
0.3622523706119537, 0.08200243375483329
0.36768633916598764, 0.08435814006986843
0.2053407916979712, 0.0
0.2053407916979712, 0.0
0.20534079169797123, 2.7755575615628914e-17
0.20660184864528525, 0.007021267930754341
0.2069549445905332, 0.007907701907228745
0.2072239700726269, 0.00851158532388321
0.2075125243131203, 0.00910611275537761
0.20777451891044657, 0.009991950757269169
0.20797481606055032, 0.010325312128898409
0.20811888992982594, 0.010578413125231972
nan, nan
nan, nan
nan, nan
nan, nan
nan, nan
nan, nan
nan, nan
nan, nan
nan, nan
nan, nan
nan, nan
nan, nan
nan, nan
nan, nan
0.2255177028549959, 0.020176911157024677
0.21879206580265434, 0.019022974270040877
0.22215488432882513, 0.019894702696911796
0.2170564175310822, 0.01831705201460627
0.21744693839218598, 0.01849244453349292
0.21941770645868613, 0.019232726998620726
nan, nan
nan, nan
nan, nan
nan, nan
nan, nan
nan, nan
nan, nan
nan, nan
nan, nan
nan, nan
nan, nan
0.2053407916979712, 0.0
0.20534079169797118, 2.7755575615628914e-17
0.2053407916979712, 0.0
0.19872298614709838, 0.018717980726384625
0.20220604170018933, 0.013299617884536442
0.20219699788980036, 0.01640110151658033
0.20340073020796196, 0.016476240455586898
0.2025051913043114, 0.017492780468617793
0.2027378955472793, 0.017315594656236128
nan, nan
nan, nan
nan, nan
nan, nan
nan, nan
nan, nan
nan, nan
nan, nan
nan, nan
0.2626065340909095, 0.0
0.2053407916979712, 0.0
0.2053407916979712, 0.0
0.20534079169797123, 2.7755575615628914e-17
0.20534079169797118, 2.7755575615628914e-17
0.2047267685025294, 0.00601617407626265
0.20526804007810834, 0.004427213130720366
0.20503673902967826, 0.005413952683933058
0.2049301367372213, 0.007004008533707693
0.20490918968359914, 0.009233207106558092
0.205127707316204, 0.009429299028741825
nan, nan
nan, nan
nan, nan
nan, nan
0.3554011093073601, 0.0
0.33220246550324745, 0.04018122973541603
0.34329976663961104, 0.03052749339745073
0.3609719194852882, 0.04626481808306548
0.3673395739372261, 0.05700575555297911
0.37283792558120377, 0.05659075424490074
nan, nan
nan, nan
nan, nan
0.1457805417401157, 0.0
0.1457805417401157, 0.0
0.1457805417401157, 0.0
0.1457805417401157, 0.0
0.1457805417401157, 0.0
0.14578054174011576, 5.551115123125783e-17
0.1465642292395612, 0.006786932831480777
nan, nan
nan, nan
nan, nan
nan, nan
0.2626065340909095, 0.0
0.33685276312229506, 0.08404540202867797
0.3202744744783442, 0.06540738681312257
0.3093816280104002, 0.07837056007934662
0.30067480838090677, 0.07541392344976935
0.30100976800922663, 0.08130321411357865
nan, nan
nan, nan
nan, nan
nan, nan
nan, nan
nan, nan
nan, nan
nan, nan
nan, nan
nan, nan
nan, nan
0.46008313363224196, 0.0
0.36747980442177014, 0.11179591979194674
0.38490046818384077, 0.12053213361831834
0.37349546281049645, 0.11767633895276879
0.3780230897758028, 0.11466367315173984
0.3842150672610748, 0.11294721955654988
0.38468372314336374, 0.11172414656038757
0.3820992363472109, 0.1119133613228508
0.38492746919896775, 0.10726488689105901
nan, nan
nan, nan
nan, nan
nan, nan
0.4654811838957453, 0.0
0.4654811838957453, 0.0
0.4654811838957453, 0.0
0.4654811838957452, 5.551115123125783e-17
0.4655194413302052, 0.000104772299229711
0.465518996476316, 0.00010424209080603388
nan, nan
0.27137431912096105, 0.0
0.3947878873328073, 0.0771514021924498
0.3817288380729204, 0.07822770626114811
0.38467955939854337, 0.0829977625909124
0.38960371194427995, 0.08365659981834365
0.3935158406156482, 0.08069818750678849
0.3924925214164086, 0.08072407774471142
0.3926377531086391, 0.08075180764304392
0.39016280127676767, 0.08199657653894972
nan, nan
nan, nan
nan, nan
nan, nan
nan, nan
nan, nan
nan, nan
nan, nan
0.4654811838957453, 0.0
0.46553538192789673, 0.00012119048413741051
nan, nan
0.366756080954169, 0.0
0.36017364370124577, 0.05092053899096085
0.36507245639561225, 0.05302002253860025
0.377323083581288, 0.06266938834494573
0.37462175084568683, 0.06373736347027711
0.374227477439895, 0.06297397988030629
0.3764636135448319, 0.06431227364376083
0.37251398098884164, 0.06591842572280346
0.3739256083587869, 0.06383938948684015
nan, nan
nan, nan
nan, nan
0.4654811838957453, 0.0
0.4654811838957452, 5.551115123125783e-17
0.4654811838957452, 5.551115123125783e-17
0.4654811838957452, 5.551115123125783e-17
0.46548118389574505, 2.220446049250313e-16
0.4628028218993008, 0.02918431095463297
0.46236872508028964, 0.03144990501130727
nan, nan
nan, nan
0.3520819637490599, 0.0
0.3736821977256962, 0.0432004679532726
0.38267747732506074, 0.06589211324379143
0.39766031067501645, 0.0846241946331254
0.4055959070486436, 0.09272794774532978
0.40996532904112776, 0.09144484683312902
0.4099534892745847, 0.0916549676064749
0.41391731285733296, 0.09405501166537272
nan, nan
nan, nan
nan, nan
nan, nan
0.4654811838957453, 0.0
0.4654811838957453, 0.0
0.4654811838957453, 0.0
0.4654811838957453, 0.0
0.4654811838957453, 0.0
0.4654811838957451, 1.6653345369377348e-16
nan, nan
0.4792576461933371, 0.08992678745837535
0.3967713206918916, 0.09230254843457858
0.3843650216002996, 0.08191259941393235
0.3877175565409319, 0.08664091506962827
0.39231065772933, 0.08805889895035358
0.3981699197563465, 0.09059794298944103
0.39969155918092236, 0.0890664310189496
0.40825976481142773, 0.0910338322691168
0.40376802208416873, 0.08757286187426684
nan, nan
nan, nan
nan, nan
nan, nan
nan, nan
0.4654811838957453, 0.0
0.4654811838957453, 0.0
0.46097852004691414, 0.026693138853249927
0.45929990798510256, 0.03109291622467401
0.4615242262146158, 0.025055407756041904
nan, nan
nan, nan
0.3520819637490599, 0.0
0.3520819637490599, 0.0
0.3736821977256962, 0.0432004679532726
0.3730821912263452, 0.04274388355381406
0.37804647206626557, 0.0472273274533555
0.37976347973921526, 0.04936692969956959
0.3808349976637189, 0.05076278203888758
0.3812827017543223, 0.051448128878272215
nan, nan
nan, nan
nan, nan
0.4654811838957453, 0.0
0.4654811838957452, 5.551115123125783e-17
0.4654811838957453, 0.0
0.45597237395463036, 0.05142854985204034
0.45455265507153364, 0.05408170143691507
0.4553825869501143, 0.05363470605052024
0.4571691170206044, 0.04833137397774088
nan, nan
nan, nan
nan, nan
0.3880823537101204, 0.05091223973365197
0.3840180578312987, 0.06175588269986408
0.3810931383578507, 0.05343852219263873
0.3884779120471506, 0.053168299913805624
0.38976709002232185, 0.054099965476852786
0.38892800940924155, 0.05374283304056363
0.38686582466250174, 0.05392627418855264
nan, nan
nan, nan
nan, nan
nan, nan
nan, nan
0.4654811838957453, 0.0
0.4654811838957453, 0.0
0.4654811838957453, 0.0
0.4654811838957453, 0.0
0.4654811838957453, 0.0
0.3520819637490599, 0.0
0.36868000227959313, 0.04893082802548003
0.3629288180281662, 0.044509559806175186
0.36293202351051457, 0.047906649781170756
0.36071187894574075, 0.05161318366559479
0.361896757180128, 0.0532009596420447
0.36433451057098826, 0.059173851484256544
0.3575500621695634, 0.05483175560207531
0.35720287265862327, 0.053938384335488886
0.3598899440185516, 0.05287214591940278
nan, nan
nan, nan
nan, nan
nan, nan
0.4654811838957453, 0.0
0.4654811838957452, 5.551115123125783e-17
0.46551370271503617, 9.755645787264954e-05
0.4655218324198589, 0.00010754588596640835
0.46553725082555714, 0.00012283648875207495
0.46553431922138394, 0.00012023151705497212
nan, nan
0.3520819637490599, 0.0
0.3989086282643808, 0.06683306607010102
0.3895302443072138, 0.06205117056128031
0.38738362583683195, 0.06457131680123722
0.3882434569040676, 0.06622399984182115
0.3883008756413045, 0.06691231019721704
0.38650723642606005, 0.06598872028911688
0.3894985995797444, 0.06735600277929206
0.3917409148466622, 0.06825601810589602
nan, nan
nan, nan
nan, nan
nan, nan
0.46572507504042693, 0.0001408106180349015
0.4656762968114906, 0.0001593090286008762
0.46566700572026454, 0.00016092642061131602
0.46567504608767163, 0.00015955922539101776
0.46568195225832376, 0.0001580492505762549
0.4656772193311868, 0.00015911793440269144
nan, nan
nan, nan
nan, nan
0.35374153652821, 0.0016595727791500758
0.3556340318026782, 0.0051906975362731745
0.3691954291279374, 0.045042711369819445
0.37749208263656703, 0.055089559623227626
0.3766686861900088, 0.06304220706174138
0.375767414127038, 0.06249118168934715
0.37617622633317455, 0.0638454294864691
nan, nan
nan, nan
nan, nan
nan, nan
nan, nan
0.4654811838957453, 0.0
0.4654811838957453, 0.0
0.4654811838957453, 0.0
0.4654811838957453, 0.0
0.4654811838957453, 0.0
nan, nan
0.3554011093073601, 0.0
0.35787769339024333, 0.05069081366760131
0.3579922056945745, 0.04653493299851447
0.36297197268741255, 0.04447817437978142
0.36116048474077417, 0.03845023060006802
0.3606284136497677, 0.04116184002569188
0.3605936140134242, 0.04133010760836573
0.3647669464296185, 0.04414586346446026
0.36447851109219365, 0.04485666624956751
nan, nan
nan, nan
nan, nan
nan, nan
nan, nan
nan, nan
nan, nan
nan, nan
0.4654811838957453, 0.0
0.4654811838957453, 0.0
nan, nan
nan, nan
0.35501678719008173, 0.0058696468820436335
0.36472092065131767, 0.0412723835756544
0.36104078868096384, 0.043664319048382
0.362695806035279, 0.04545391546183293
0.36286489202614036, 0.04586156145712517
0.36656201700193053, 0.05358130198324298
0.3670356882437328, 0.05591827047533803
0.37022713986792094, 0.05957210953803809
nan, nan
nan, nan
nan, nan
nan, nan
0.4654811838957453, 0.0
0.4654811838957453, 0.0
0.46548118389574517, 1.1102230246251565e-16
0.46548118389574533, 5.551115123125783e-17
0.4654811838957452, 5.551115123125783e-17
0.4654811838957453, 0.0
nan, nan
nan, nan
nan, nan
0.27137431912096044, 0.0
0.3657287263766012, 0.09435440725564076
0.3658754913162538, 0.0873559464728527
0.39077511872336307, 0.08000869055953966
0.39404975215066385, 0.0808639112299105
0.39769981118834385, 0.0777801215941059
0.40316339369143633, 0.07477865801012251
nan, nan
nan, nan
nan, nan
0.4654811838957453, 0.0
0.4654811838957453, 0.0
0.4654811838957453, 0.0
0.4654987616359024, 7.353296273180305e-05
0.4654990513788721, 7.41016031983364e-05
0.46550577796075526, 8.598157664955753e-05
0.46550370095258115, 8.255460722173085e-05
nan, nan
nan, nan
0.46008313363224174, 2.642859423360307e-16
0.4646810421757548, 0.018957662581833935
0.46177216126047105, 0.01170192666992257
0.46112975569563625, 0.021499054130372
0.460428307993953, 0.023503451878826537
0.4604986588170379, 0.02469406714975864
0.4609727386222115, 0.028847279277418387
0.4641549893245971, 0.027777888410876944
nan, nan
nan, nan
nan, nan
nan, nan
nan, nan
nan, nan
nan, nan
nan, nan
nan, nan
nan, nan
nan, nan
nan, nan
0.46008313363224196, 0.0
0.460083133632242, 1.6653345369377348e-16
0.460083133632242, 1.5188652871179702e-16
0.4573798742263765, 0.026626039353098402
0.45633960378164967, 0.02861730931041089
0.4555631662019003, 0.031004314843719735
0.4546619687894786, 0.03444998203435917
0.45348636516674307, 0.03587843765482696
nan, nan
nan, nan
nan, nan
0.4654811838957453, 0.0
0.4654811838957453, 0.0
0.4654811838957453, 0.0
0.4654811838957453, 0.0
0.4654811838957452, 5.551115123125783e-17
0.46547317491909324, 0.00020777082283174013
0.4654811838957453, 0.0
nan, nan
nan, nan
nan, nan
nan, nan
nan, nan
nan, nan
0.5111860795454544, 0.0
0.49415176424105023, 0.024090159729227904
0.5191939668183293, 0.06526945795412914
0.5089596992324396, 0.07171331068387468
nan, nan
0.4654811838957453, 0.0
0.4654811838957453, 0.0
0.4654811838957453, 0.0
0.4654811838957453, 0.0
0.4654811838957453, 0.0
0.4654903206395249, 0.00010925956445876138
0.4654912401334848, 0.00011458522862349923
0.4654859394057607, 7.895674352406561e-05
0.4654860388444695, 7.977494795306744e-05
nan, nan
nan, nan
nan, nan
nan, nan
nan, nan
nan, nan
nan, nan
0.3755322678313757, 0.0
0.3872511184871682, 0.02029764474214443
0.38725111848716814, 0.02029764474214443