nan, nan
nan, nan
nan, nan
nan, nan
nan, nan
nan, nan
nan, nan
nan, nan
nan, nan
nan, nan
nan, nan
nan, nan
nan, nan
nan, nan
nan, nan
nan, nan
nan, nan
nan, nan
nan, nan
nan, nan
nan, nan
nan, nan
nan, nan
nan, nan
nan, nan
nan, nan
nan, nan
nan, nan
nan, nan
nan, nan
nan, nan
nan, nan
nan, nan
nan, nan
nan, nan
nan, nan
nan, nan
nan, nan
nan, nan
nan, nan
nan, nan
nan, nan
nan, nan
nan, nan
nan, nan
nan, nan
nan, nan
nan, nan
nan, nan
nan, nan
nan, nan
nan, nan
nan, nan
nan, nan
nan, nan
nan, nan
nan, nan
nan, nan
nan, nan
nan, nan
nan, nan
nan, nan
nan, nan
nan, nan
nan, nan
nan, nan
nan, nan
nan, nan
nan, nan
nan, nan
nan, nan
nan, nan
nan, nan
nan, nan
nan, nan
nan, nan
nan, nan
nan, nan
nan, nan
nan, nan
nan, nan
nan, nan
nan, nan
nan, nan
nan, nan
nan, nan
nan, nan
nan, nan
nan, nan
nan, nan
nan, nan
nan, nan
nan, nan
nan, nan
nan, nan
nan, nan
nan, nan
nan, nan
nan, nan
nan, nan
nan, nan
nan, nan
nan, nan
nan, nan
nan, nan
nan, nan
nan, nan
nan, nan
nan, nan
nan, nan
nan, nan
nan, nan
nan, nan
nan, nan
nan, nan
nan, nan
nan, nan
nan, nan
nan, nan
nan, nan
nan, nan
nan, nan
nan, nan
nan, nan
nan, nan
nan, nan
nan, nan
nan, nan
nan, nan
nan, nan
nan, nan
nan, nan
nan, nan
nan, nan
nan, nan
nan, nan
nan, nan
nan, nan
nan, nan
nan, nan
nan, nan
nan, nan
nan, nan
nan, nan
nan, nan
nan, nan
nan, nan
nan, nan
nan, nan
nan, nan
nan, nan
nan, nan
nan, nan
nan, nan
nan, nan
nan, nan
nan, nan
nan, nan
nan, nan
nan, nan
nan, nan
nan, nan
nan, nan
nan, nan
nan, nan
nan, nan
nan, nan
nan, nan
nan, nan
nan, nan
nan, nan
nan, nan
nan, nan
nan, nan
nan, nan
nan, nan
nan, nan
nan, nan
nan, nan
nan, nan
nan, nan
nan, nan
nan, nan
nan, nan
nan, nan
nan, nan
nan, nan
nan, nan
nan, nan
nan, nan
nan, nan
nan, nan
nan, nan
nan, nan
nan, nan
nan, nan
nan, nan
nan, nan
nan, nan
nan, nan
nan, nan
nan, nan
nan, nan
nan, nan
nan, nan
nan, nan
nan, nan
nan, nan
nan, nan
nan, nan
nan, nan
nan, nan
nan, nan
nan, nan
nan, nan
nan, nan
nan, nan
nan, nan
nan, nan
nan, nan
nan, nan
nan, nan
nan, nan
nan, nan
nan, nan
nan, nan
nan, nan
nan, nan
nan, nan
nan, nan
nan, nan
nan, nan
nan, nan
nan, nan
nan, nan
nan, nan
nan, nan
nan, nan
nan, nan
nan, nan
nan, nan
nan, nan
nan, nan
nan, nan
nan, nan
nan, nan
nan, nan
nan, nan
nan, nan
nan, nan
nan, nan
nan, nan
nan, nan
nan, nan
nan, nan
nan, nan
nan, nan
0.03732880462791214, 0.0
0.029908559419886228, 0.034400561203608813
0.02871260223034875, 0.05526902250672209
nan, nan
nan, nan
nan, nan
nan, nan
nan, nan
nan, nan
nan, nan
nan, nan
nan, nan
nan, nan
nan, nan
nan, nan
nan, nan
nan, nan
nan, nan
nan, nan
nan, nan
0.04770455109031939, 0.02541528453338539
0.036521062688787284, 0.018208740165996336
0.03531024203348557, 0.02019189614177028
nan, nan
nan, nan
nan, nan
nan, nan
nan, nan
nan, nan
nan, nan
nan, nan
nan, nan
nan, nan
nan, nan
nan, nan
0.03732880462791214, 0.0
0.03732880462791214, 0.0
0.03732880462791214, 0.0
0.037328804627912146, 6.938893903907228e-18
0.03979273821318952, 0.023919027218794808
0.03773115050970744, 0.03310628396878705
0.03524832072533163, 0.03334851409793153
0.034352317345804954, 0.03334522380105393
nan, nan
nan, nan
nan, nan
nan, nan
nan, nan
nan, nan
nan, nan
nan, nan
nan, nan
nan, nan
0.03732880462791214, 0.0
0.037328804627912146, 6.938893903907228e-18
0.038456149505257047, 0.005522839427271008
0.03699134429838423, 0.007226189579086709
0.03789620872584353, 0.00619949061420082
0.03748445516172719, 0.006849436602624959
0.03732491565410637, 0.008850802185899589
0.03735908455230364, 0.010865087266268364
0.03675729344364128, 0.013684497423174386
0.03694612560090729, 0.014814232794036352
nan, nan
nan, nan
nan, nan
nan, nan
nan, nan
nan, nan
nan, nan
nan, nan
nan, nan
nan, nan
0.03732880462791214, 0.0
0.03732880462791214, 0.0
0.03732880462791214, 0.0
0.03447990805701224, 0.011395586283599567
0.02989517722683236, 0.020400444648439632
0.02770802485635498, 0.02342236206720901
0.02835672247946329, 0.023410345700915238
0.02876987482873945, 0.023275412581011994
0.02916474618217311, 0.023826161035681064
0.028769586650456234, 0.023781009453814454
nan, nan
nan, nan
nan, nan
nan, nan
nan, nan
nan, nan
nan, nan
nan, nan
nan, nan
nan, nan
nan, nan
0.06634928381257357, 0.0355427181893161
0.06497409038612767, 0.04075269416843671
0.06399248844156824, 0.039792427676094595
0.05885869464351036, 0.04204885796016694
0.05774344920273933, 0.044296500429112616
0.059097889352705386, 0.04567506210764677
0.057701393607275275, 0.045516324289528134
0.05648263295197333, 0.044476768786238734
0.05352927323905639, 0.042407860344009445
nan, nan
nan, nan
nan, nan
nan, nan
nan, nan
nan, nan
nan, nan
nan, nan
nan, nan
nan, nan
0.03732880462791214, 0.0
0.03732880462791214, 0.0
0.04291574503074681, 0.019353729273137953
0.0445918271515972, 0.021789067571055205
0.04400744602900188, 0.02098730516938639
0.04398657527462345, 0.0209578021667761
0.044987876304623885, 0.022264657507237242
0.04551444866457593, 0.023359087852172437
0.0452113340715079, 0.02457370884823883
0.04452791813774177, 0.023997131003177064
nan, nan
nan, nan
nan, nan
nan, nan
nan, nan
nan, nan
nan, nan
nan, nan
nan, nan
nan, nan
nan, nan
nan, nan
nan, nan
0.03732880462791214, 0.0
0.049433842167387256, 0.027067686808453152
0.0510696580511001, 0.028446269109940525
0.05053430012552136, 0.028013086245863694
0.0489609891385015, 0.02663720076344954
0.048522797589104716, 0.026357206679257433
0.04715673015641448, 0.02611930594923554
nan, nan
nan, nan
nan, nan
nan, nan
nan, nan
nan, nan
nan, nan
nan, nan
nan, nan
nan, nan
0.07364391724633748, 0.03631511261842534
0.07364391724633748, 0.03631511261842534
0.06988718145822452, 0.036120276033098454
0.06674864269853521, 0.03565448910585238
0.06494874943629197, 0.035258778499035734
0.0653351739893194, 0.03546505935461643
0.06590021274848429, 0.035782372336337895
0.06516809905359114, 0.03633731879995133
0.06558897916601507, 0.03643701115107178
0.06346234115268841, 0.03665617137431055
nan, nan
nan, nan
nan, nan
nan, nan
nan, nan
nan, nan
nan, nan
nan, nan
nan, nan
nan, nan
nan, nan
nan, nan
0.10995902986476282, 1.3877787807814457e-17
0.10995902986476283, 0.0
0.1066432437655315, 0.02367944911201791
0.10626429678276218, 0.02496794077058619
0.10569546524618771, 0.026418297163032987
0.10435015260199738, 0.030170252088506197
0.10439015681363142, 0.03048241508163861
0.10448692979705047, 0.030075105205150773
nan, nan
nan, nan
nan, nan
nan, nan
nan, nan
nan, nan
nan, nan
nan, nan
nan, nan
nan, nan
nan, nan
0.10995902986476283, 0.0
0.10995902986476282, 1.3877787807814457e-17
0.10995902986476283, 0.0
0.10995902986476283, 0.0
0.10995902986476282, 1.3877787807814457e-17
0.10995902986476283, 0.0
0.10945801672608253, 0.008488052909523258
0.1087935253622229, 0.013804409764879896
0.10852884826834906, 0.015390017546576727
nan, nan
nan, nan
nan, nan
nan, nan
nan, nan
nan, nan
nan, nan
nan, nan
nan, nan
nan, nan
nan, nan
nan, nan
nan, nan
nan, nan
0.10995902986476283, 0.0
0.10995902986476283, 0.0
0.10995902986476282, 1.3877787807814457e-17
0.10995902986476286, 2.7755575615628914e-17
0.10995902986476283, 0.0
0.10995902986476282, 1.3877787807814457e-17
nan, nan
nan, nan
nan, nan
nan, nan
nan, nan
nan, nan
nan, nan
nan, nan
nan, nan
nan, nan
nan, nan
nan, nan
nan, nan
nan, nan
nan, nan
nan, nan
nan, nan
nan, nan
nan, nan
nan, nan
nan, nan
nan, nan
nan, nan
nan, nan
nan, nan
nan, nan
nan, nan
nan, nan
nan, nan
nan, nan
nan, nan
nan, nan
nan, nan
nan, nan
0.10995902986476283, 0.0
0.10995902986476282, 1.3877787807814457e-17
0.10587124007191107, 0.023835705638358348
0.10697834980747507, 0.020434512947068433
0.10778302008910029, 0.017509781572300872
0.1073049748252568, 0.019034088918938086
nan, nan
nan, nan
nan, nan
nan, nan
nan, nan
nan, nan
nan, nan
nan, nan
nan, nan
nan, nan
0.10995902986476283, 0.0
0.10995902986476282, 1.3877787807814457e-17
0.10995902986476283, 0.0
0.10995902986476283, 0.0
0.10995902986476284, 1.3877787807814457e-17
0.10931911598602405, 0.0067873116454735824
0.10923393610199893, 0.007220662181723955
0.10885947895239556, 0.009609799788004204
0.10934627418974523, 0.00653872724901615
0.109687006549269, 0.004436566013238055
nan, nan
nan, nan
nan, nan
nan, nan
nan, nan
nan, nan
nan, nan
nan, nan
nan, nan
nan, nan
nan, nan
nan, nan
nan, nan
nan, nan
nan, nan
nan, nan
nan, nan
nan, nan
nan, nan
nan, nan
nan, nan
nan, nan
nan, nan
nan, nan
nan, nan
nan, nan
nan, nan
nan, nan
nan, nan
nan, nan
nan, nan
nan, nan
nan, nan
nan, nan
nan, nan
nan, nan
nan, nan
nan, nan
nan, nan
nan, nan
nan, nan
nan, nan
nan, nan
nan, nan
nan, nan
nan, nan
nan, nan
nan, nan
nan, nan
nan, nan
nan, nan
nan, nan
nan, nan
nan, nan
nan, nan
nan, nan
nan, nan
nan, nan
nan, nan
nan, nan
nan, nan
nan, nan
nan, nan
nan, nan
nan, nan
nan, nan
nan, nan
nan, nan
nan, nan
nan, nan
nan, nan
nan, nan
nan, nan
nan, nan
nan, nan
nan, nan
nan, nan
nan, nan
nan, nan
nan, nan
nan, nan
nan, nan
nan, nan
nan, nan
nan, nan
nan, nan
nan, nan
nan, nan
nan, nan
nan, nan
nan, nan
nan, nan
nan, nan
nan, nan
nan, nan
nan, nan
nan, nan
nan, nan
nan, nan
nan, nan
nan, nan
nan, nan
nan, nan
nan, nan
nan, nan
nan, nan
nan, nan
nan, nan
nan, nan
nan, nan
nan, nan
nan, nan
nan, nan
nan, nan
nan, nan
nan, nan
nan, nan
nan, nan
nan, nan
nan, nan
nan, nan
nan, nan
nan, nan
nan, nan
nan, nan
nan, nan
nan, nan
nan, nan
nan, nan
nan, nan
nan, nan
nan, nan
nan, nan
nan, nan
nan, nan
nan, nan
nan, nan
nan, nan
nan, nan
nan, nan
nan, nan
nan, nan
nan, nan
nan, nan
nan, nan
nan, nan
nan, nan
nan, nan
nan, nan
nan, nan
nan, nan
nan, nan
nan, nan
nan, nan
nan, nan
nan, nan
nan, nan
nan, nan
nan, nan
nan, nan
nan, nan
nan, nan
nan, nan
nan, nan
nan, nan
nan, nan
nan, nan
nan, nan
nan, nan
0.46548118389574467, 0.0
nan, nan
nan, nan
nan, nan
nan, nan
nan, nan
nan, nan
nan, nan
nan, nan
nan, nan
nan, nan
nan, nan
nan, nan
nan, nan
nan, nan
nan, nan
nan, nan
0.46548118389574467, 0.0
0.4654811838957446, 5.551115123125783e-17
0.46548118389574467, 0.0
0.46548118389574455, 1.1102230246251565e-16
nan, nan
nan, nan
nan, nan
nan, nan
nan, nan
nan, nan
nan, nan
nan, nan
nan, nan
nan, nan
nan, nan
nan, nan
nan, nan
nan, nan
0.46548118389574467, 0.0
0.4654811838957446, 5.551115123125783e-17
0.46548118389574455, 1.1102230246251565e-16
0.46548118389574455, 1.1102230246251565e-16
0.46548118389574467, 0.0
0.46548118389574455, 1.1102230246251565e-16
nan, nan
nan, nan
nan, nan
nan, nan
0.4600831336322418, 0.0
0.4600831336322418, 0.0
0.46008313363224185, 5.551115123125783e-17
0.4557630868369145, 0.021163820626995
0.4532259164968017, 0.02633564212104882
0.4528830556400297, 0.026940225004908978
nan, nan
nan, nan
nan, nan
0.46548118389574467, 0.0
0.46548118389574467, 0.0
0.46548118389574467, 0.0
0.4654811838957447, 5.551115123125783e-17
0.4654811838957446, 5.551115123125783e-17
0.4654811838957445, 1.6653345369377348e-16
0.46548118389574455, 1.1102230246251565e-16
nan, nan
nan, nan
nan, nan
0.3520819637490599, 0.0
0.3520819637490599, 0.0
0.3520819637490599, 0.0
0.3711583161157015, 0.05722905709992486
0.37784660676042914, 0.06148734437984522
0.3730686886625535, 0.05215180497030978
0.3697139870406773, 0.04825452378015093
nan, nan
0.4656437779921998, 0.0001625940964551098
0.46569797602435153, 0.00015329518424574365
0.46561125917290874, 0.00015930902860155608
0.465631270754011, 0.00016211233511038203
0.45971135172291355, 0.04312201299594221
0.45807002975513983, 0.04857462938820943
0.458350403355495, 0.04766672197564867
0.460404855201393, 0.04044993716939549
0.4621724265951105, 0.03287500803520557
nan, nan
nan, nan
0.46008313363224196, 0.0
0.48182312110606895, 0.10164375565578566
0.48813882030365596, 0.10211384128349436
0.4945116780218385, 0.10376596095480571
0.49733309288094857, 0.10487711557967098
0.4983815305823127, 0.10344152767108726
0.4914506531875077, 0.10243374928696078
0.4904344318041532, 0.09961685819965556
nan, nan
nan, nan
nan, nan
0.46558957996004807, 0.00015329518424574362
0.46557409480800466, 0.0001469050511129304
0.4655949997632633, 0.00015510488252749727
0.4656023324382013, 0.00015722310980203406
0.4656122675083906, 0.0001595115344173208
0.4656260156119147, 0.0001616209703245967
0.46562048977525955, 0.00016091767818919223
nan, nan
nan, nan
nan, nan
0.4876705848933199, 0.03901454772472312
0.4807737220780503, 0.035837150426637814
0.45422487691617724, 0.07342939769076233
0.4497617235635609, 0.0850740480017393
0.4462059945236698, 0.08589123964967948
0.4438627871230049, 0.0877104492997192
0.4453557958958045, 0.0880049867810702
nan, nan
nan, nan
0.4656437779921998, 0.0001625940964551098
0.46558957996004807, 0.00015329518424574362
0.46564377799219975, 0.0001625940964551098
0.46559943414771215, 0.00015643037958817065
0.4655965732545191, 0.00015559097963110602
0.46559746331017915, 0.00015585823825319347
0.4655898386618721, 0.00015338640371905416
0.4653576348219236, 0.0059162618439485195
nan, nan
nan, nan
0.5647651579571233, 0.10468202432488133
0.48762108560084483, 0.07929055582340368
0.4753220988754093, 0.07907516946703809
0.4660347918118585, 0.08189310606941021
0.4595672661767097, 0.07419095951971365
0.45785278265735535, 0.0684095432204396
0.4569474066429518, 0.06875946300773661
0.45318447192934186, 0.07136708089246172
nan, nan
0.46548118389574467, 0.0
0.46556248094397223, 0.00014081061803550242
0.4656205502641347, 0.00016092642061200278
0.4656166789761239, 0.00016031994114823735
0.4656225700665752, 0.00016120503742983916
0.4656091267913158, 0.0001588588508058611
0.46559543920676705, 0.0001552423976398026
0.4655714436535692, 0.00014561793727746632
0.46535239949184515, 0.005783076822962944
nan, nan
nan, nan
0.5111860795454544, 0.0
0.519809958147012, 0.06769409185392852
0.5242335549215752, 0.08601441773736851
0.5147973596379106, 0.09151863528696687
0.5108176191998135, 0.08777456555732982
0.5105292176114752, 0.0859635031833697
0.5062271992230577, 0.08037304641938944
0.4997678317525399, 0.07687056038681715
nan, nan
nan, nan
nan, nan
nan, nan
0.46548118389574467, 0.0
0.46548118389574467, 0.0
0.46548118389574467, 0.0
0.4654811838957447, 5.551115123125783e-17
0.4654903441265308, 5.380417333208946e-05
0.46549118968629566, 5.615736018896274e-05
nan, nan
0.41341960729320537, 0.04666352633903656
0.4291519924982698, 0.05389062648729045
0.43584436169520907, 0.05636224480069207
0.43885843819163944, 0.055664610580488105
0.44076569314169595, 0.058160478970275056
0.44233897088191126, 0.05975257865898479
0.4430332170351551, 0.06402721838765406
0.4474112307128468, 0.0645530184809223
0.4520632641775798, 0.0585847778455245
nan, nan
0.46548118389574467, 0.0
0.46548118389574467, 0.0
0.46548118389574467, 0.0
0.46548118389574467, 0.0
0.465488253204286, 4.742236335831954e-05
0.4654837647544185, 2.8854877175697077e-05
0.46548308558108326, 2.4794943267412943e-05
0.4654828515275031, 2.3227422635945592e-05
0.4654820009515056, 1.6279720708171993e-05
nan, nan
nan, nan
nan, nan
0.48563460658884816, 0.025551472956606203
0.4746839753217313, 0.02308595774716351
0.4771174489366461, 0.024090159729227904
0.47622090602588807, 0.02375415778265147
0.47364619389735685, 0.026459076674996314
0.4717342583710978, 0.027965126869851517
0.4704358573636245, 0.03100441623126769
nan, nan
nan, nan
nan, nan
nan, nan
nan, nan
0.46548118389574467, 0.0
0.46548118389574467, 0.0
0.4654811838957446, 5.551115123125783e-17
0.4654811838957447, 5.551115123125783e-17
0.46548118389574455, 1.1102230246251565e-16
0.33490808904954394, 0.031847991904624895
0.3504625978292228, 0.056698924545654686
0.3468162516227379, 0.055919838008860384
0.34226509110751274, 0.07270003102994942
0.3438735904189738, 0.07415360805514191
0.34624421025882013, 0.08003707549130132
0.34243653751373526, 0.08582957653418041
0.3382725695040331, 0.08725571291633853
0.33872920683442276, 0.08894698168938302
0.3289971386586258, 0.08979030665877481
nan, nan
nan, nan
nan, nan
nan, nan
nan, nan
nan, nan
nan, nan
nan, nan
0.46548118389574467, 0.0
0.46548118389574455, 1.1102230246251565e-16
nan, nan
nan, nan
0.46008313363224185, 8.777083671441753e-17
0.44658298739684416, 0.03571802960186729
0.4420829386517116, 0.040249659584716324
0.4446543950775016, 0.03779253683391969
0.44666669497605627, 0.03557022629053843
0.44485347371210937, 0.03727847062353889
0.4458933915190254, 0.03790996811795898
0.4423222371137967, 0.04393049178611381
nan, nan
nan, nan
nan, nan
nan, nan
nan, nan
0.46548118389574467, 0.0
0.46548118389574455, 1.1102230246251565e-16
0.46548118389574467, 0.0
0.4654947334037825, 6.49811577736637e-05
0.46549047498697066, 5.4175905989461826e-05
nan, nan
0.46008313363224196, 0.0
0.46008313363224196, 0.0
0.45888856506482567, 0.01863215745016973
0.45698183415239035, 0.031373315598970435
0.45796233654114504, 0.030574979954101047
0.45777650765239236, 0.03197803709194531
0.4563426598879874, 0.035825776249479205
0.4574161578432932, 0.034167188584871215
0.45941532563335274, 0.03507118101251299
nan, nan
nan, nan
0.46548118389574467, 0.0
0.46558957996004807, 0.00015329518424574362
0.4655787403536177, 0.00014901995091169833
0.46556248094397223, 0.00014081061803550244
0.4655641400674054, 0.00014175556827336513
0.46556878071523705, 0.00014426450932309985
0.46556991316357105, 0.00014484760023454664
0.46557264307500057, 0.00014620760499074243
nan, nan
nan, nan
nan, nan
0.3657287263766012, 0.09435440725564076
0.43373112131009955, 0.11565187319962637
0.4424910164867499, 0.10664813000664103
0.44165475396105575, 0.09864063014798201
0.4420283850048147, 0.09399896050820768
0.44195667976357506, 0.09483379244986562
0.4446335008174397, 0.08704457031831632
nan, nan
0.4658063720886549, 0.0
0.4658063720886549, 0.0
0.46580637208865494, 5.551115123125783e-17
0.465806372088655, 1.1102230246251565e-16
0.4658063720886548, 1.1102230246251565e-16
0.46580363941476494, 2.9684436621124264e-05
0.4658032945978702, 3.14848013718551e-05
0.4658019559527017, 3.7637388505032194e-05
0.4657998520246366, 4.5582196096190784e-05
nan, nan
nan, nan
0.46008313363224196, 0.0
0.43848289965560544, 0.04320046795327276
0.442897218766143, 0.07579336266335059
0.4436820624975511, 0.07888190333425273
0.44199454170240243, 0.09114810119727176
0.44347198779761465, 0.09153827558067378
0.43968922572300134, 0.09413330493448022
0.4437617468001985, 0.09199408850374499
nan, nan
nan, nan
nan, nan
nan, nan
nan, nan
0.4658063720886549, 0.0
0.4658063720886549, 0.0
0.4658063720886549, 0.0
0.4658063720886548, 1.1102230246251565e-16
0.46580637208865483, 5.551115123125783e-17
nan, nan
nan, nan
nan, nan
nan, nan
0.5901058776487684, 0.13742317076356503
0.5444998307821098, 0.11865473221753892
0.5354090649334938, 0.11616931142365071
0.5445684353024621, 0.11780079550834656
0.5460417173429806, 0.11734556516888298
0.5477748224449449, 0.11874662657208358
nan, nan
nan, nan
nan, nan
nan, nan
0.4658063720886549, 0.0
0.4658063720886549, 0.0
0.46575217405650315, 0.0001211904841379277
0.46575217405650315, 0.00012119048413792772
0.4657534959597263, 0.00011999503241335189
0.46575564635382766, 0.00011799283820955162
nan, nan
nan, nan
nan, nan
0.46672337131540564, 0.06233418040074192
0.47165796539764654, 0.06290252465807428
0.4661471837240459, 0.06680616678209261
0.46568063225942247, 0.06635748798193265
0.4697038068027552, 0.06948403490449374
0.4683862067192538, 0.07246850802032404
0.47028934621080204, 0.07271102339377176
nan, nan
nan, nan
0.4656437779921998, 0.0001625940964551098
0.4656437779921998, 0.0001625940964551098
0.4656708770082756, 0.00016031994114823735
0.46567000284646687, 0.00016046525237798563
0.4656803616639021, 0.00015842498277362883
0.4656615015193014, 0.00016162523561971182
0.46565820613727754, 0.00016195267466659455
0.46545348214395965, 0.005776310524116079
nan, nan
nan, nan
0.46008313363224196, 0.0
0.5146304394308997, 0.09620411505062669
0.4678251152702505, 0.10262184459941341
0.4761976731258635, 0.10512660113271614
0.4805456388730839, 0.11069472303982496
0.4806369344669343, 0.10869365023337293
0.47926014694168284, 0.10743790718056148
0.4686657512038178, 0.10692152010322259
nan, nan
nan, nan
nan, nan
0.4658063720886549, 0.0
0.4658063720886549, 0.0
0.46580637208865494, 5.551115123125783e-17
0.4658063720886548, 1.1102230246251565e-16
0.46580637208865494, 5.551115123125783e-17
0.46580535904132486, 1.8121941553334985e-05
0.46580430346147345, 2.585370218163796e-05
nan, nan
nan, nan
0.4600831336322418, 0.0
0.4868561935715311, 0.034284499681885405
0.4915574845797324, 0.06130578667831102
0.4848948527542759, 0.07840554646708377
0.48641892481931587, 0.08080414800769421
0.4915176792736992, 0.08451579840281265
0.49407230666046725, 0.08911475953745555
0.4933681651416448, 0.08853717913993465
nan, nan
nan, nan
0.4658063720886549, 0.0
0.4658063720886549, 0.0
0.4658063720886549, 0.0
0.4658063720886549, 0.0
0.46580637208865483, 5.551115123125783e-17
0.46580637208865494, 5.551115123125783e-17
0.46580637208865494, 5.551115123125783e-17
0.4658063720886548, 1.1102230246251565e-16
nan, nan
nan, nan
0.40608254869065086, 0.054000584941590934
0.40384482900347674, 0.06942013013511489
0.41066097308257077, 0.08055786359962644
0.41091619462976886, 0.08628861858906187
0.40593942763930946, 0.08934317078018252
0.40787699218428397, 0.08959999509939777
0.40933702930204385, 0.092375322058041
0.40718374097059823, 0.09515975352690033
nan, nan
nan, nan
nan, nan
0.4658063720886549, 0.0
0.4658063720886549, 0.0
0.46580637208865494, 5.551115123125783e-17
0.4658063720886547, 1.6653345369377348e-16
0.46580368458292826, 2.9440150196903945e-05
0.46580350278107036, 3.0411050989620404e-05
0.4658027499429417, 3.412856691008843e-05
nan, nan
nan, nan
0.366756080954169, 0.0
0.3410763758452284, 0.032468729572043595
0.3367204624882159, 0.051487239150946655
0.3383212015183078, 0.0713187782338865
0.34412670421545327, 0.0742209826273051
0.34670704183904133, 0.08106196769206933
0.3460137441833828, 0.08223253072008754
0.34771806789569587, 0.07915475922154626
nan, nan
nan, nan
0.4658063720886549, 0.0
0.4658063720886549, 0.0
0.46580637208865494, 5.551115123125783e-17
0.44579621226350635, 0.06327768139146603
0.44707345650766467, 0.0614199711516409
0.44437380823707257, 0.06524522607136385
0.4510345065532686, 0.05539183109616506
0.4551601967295055, 0.04766455044475308
nan, nan
0.5428454874154757, 0.0
0.5322923514588019, 0.01492438799549521
0.5327020974823758, 0.07682340092948073
0.5372343655971904, 0.08575775738601497
0.5311456089775454, 0.08573565246055956
0.5257830772215175, 0.09008193988269429
0.5212213935037466, 0.09800190945998016
0.5219144600974535, 0.10036862209936032
0.5198202468341899, 0.09736307284921708