nan, nan
nan, nan
nan, nan
nan, nan
nan, nan
nan, nan
nan, nan
nan, nan
nan, nan
nan, nan
nan, nan
nan, nan
nan, nan
nan, nan
nan, nan
nan, nan
nan, nan
nan, nan
nan, nan
nan, nan
nan, nan
nan, nan
nan, nan
nan, nan
nan, nan
nan, nan
nan, nan
nan, nan
nan, nan
nan, nan
nan, nan
nan, nan
nan, nan
nan, nan
nan, nan
nan, nan
nan, nan
nan, nan
nan, nan
nan, nan
nan, nan
nan, nan
nan, nan
nan, nan
nan, nan
nan, nan
nan, nan
nan, nan
nan, nan
nan, nan
nan, nan
nan, nan
nan, nan
nan, nan
nan, nan
nan, nan
nan, nan
nan, nan
nan, nan
nan, nan
nan, nan
nan, nan
nan, nan
nan, nan
nan, nan
nan, nan
nan, nan
nan, nan
nan, nan
nan, nan
nan, nan
nan, nan
nan, nan
nan, nan
nan, nan
nan, nan
nan, nan
nan, nan
nan, nan
nan, nan
nan, nan
nan, nan
nan, nan
nan, nan
nan, nan
nan, nan
nan, nan
nan, nan
nan, nan
nan, nan
nan, nan
nan, nan
nan, nan
nan, nan
nan, nan
nan, nan
nan, nan
nan, nan
nan, nan
nan, nan
nan, nan
nan, nan
nan, nan
nan, nan
nan, nan
nan, nan
nan, nan
nan, nan
nan, nan
nan, nan
nan, nan
nan, nan
nan, nan
nan, nan
nan, nan
nan, nan
nan, nan
nan, nan
nan, nan
nan, nan
nan, nan
nan, nan
nan, nan
nan, nan
nan, nan
nan, nan
nan, nan
nan, nan
nan, nan
nan, nan
nan, nan
nan, nan
nan, nan
nan, nan
nan, nan
nan, nan
nan, nan
nan, nan
nan, nan
nan, nan
nan, nan
nan, nan
nan, nan
nan, nan
nan, nan
nan, nan
nan, nan
nan, nan
nan, nan
nan, nan
nan, nan
nan, nan
nan, nan
nan, nan
nan, nan
nan, nan
nan, nan
nan, nan
nan, nan
nan, nan
nan, nan
nan, nan
nan, nan
nan, nan
nan, nan
nan, nan
nan, nan
nan, nan
nan, nan
nan, nan
nan, nan
nan, nan
nan, nan
nan, nan
nan, nan
nan, nan
nan, nan
nan, nan
nan, nan
nan, nan
nan, nan
nan, nan
nan, nan
nan, nan
nan, nan
nan, nan
nan, nan
nan, nan
nan, nan
nan, nan
nan, nan
nan, nan
nan, nan
nan, nan
nan, nan
nan, nan
nan, nan
nan, nan
nan, nan
nan, nan
nan, nan
nan, nan
nan, nan
nan, nan
nan, nan
nan, nan
0.4654811838957453, 0.0
0.4653070532420839, 0.0009537528696347669
0.4653912163913535, 0.0006910535138048966
0.4654182328722642, 0.0005795256314716757
nan, nan
nan, nan
nan, nan
nan, nan
nan, nan
nan, nan
nan, nan
nan, nan
nan, nan
nan, nan
nan, nan
nan, nan
nan, nan
nan, nan
0.4654811838957453, 0.0
0.4654811838957453, 0.0
0.4654811838957452, 5.551115123125783e-17
0.4654811838957453, 0.0
0.4654811838957451, 1.6653345369377348e-16
0.46543543770707163, 0.0004948206867609129
nan, nan
nan, nan
nan, nan
nan, nan
nan, nan
nan, nan
nan, nan
nan, nan
nan, nan
nan, nan
nan, nan
nan, nan
nan, nan
0.4654811838957453, 0.0
0.4654811838957453, 0.0
0.4654811838957453, 0.0
0.4654811838957452, 5.551115123125783e-17
0.4654811838957451, 1.6653345369377348e-16
0.461719999870385, 0.03447182099774498
0.4627832881813518, 0.029244492662290775
nan, nan
nan, nan
nan, nan
nan, nan
nan, nan
nan, nan
nan, nan
nan, nan
nan, nan
nan, nan
nan, nan
nan, nan
nan, nan
nan, nan
nan, nan
nan, nan
nan, nan
0.4654811838957453, 0.0
0.4654811838957453, 0.0
0.4654811838957453, 0.0
nan, nan
nan, nan
nan, nan
nan, nan
nan, nan
nan, nan
nan, nan
nan, nan
0.46008313363224196, 0.0
0.46008313363224196, 0.0
nan, nan
nan, nan
nan, nan
0.4654811838957453, 0.0
0.4654811838957453, 0.0
0.4654811838957453, 0.0
0.4654811838957453, 0.0
0.4654811838957452, 5.551115123125783e-17
0.4654811838957454, 1.1102230246251565e-16
0.4654811838957453, 0.0
nan, nan
nan, nan
nan, nan
nan, nan
nan, nan
nan, nan
nan, nan
nan, nan
0.48563460658884805, 0.025551472956606286
0.4941517642410502, 0.024090159729227983
nan, nan
nan, nan
nan, nan
nan, nan
nan, nan
0.4654811838957453, 0.0
0.4654811838957453, 0.0
0.4654811838957453, 0.0
0.4654811838957453, 0.0
0.46548118389574533, 5.551115123125783e-17
nan, nan
nan, nan
nan, nan
nan, nan
nan, nan
nan, nan
nan, nan
nan, nan
nan, nan
nan, nan
nan, nan
nan, nan
nan, nan
nan, nan
nan, nan
nan, nan
nan, nan
nan, nan
0.4654811838957453, 0.0
0.4654811838957453, 0.0
nan, nan
nan, nan
nan, nan
nan, nan
0.3634535727169661, 0.0
0.3634535727169661, 0.0
0.3634535727169661, 0.0
0.3634535727169661, 0.0
0.3594440365638808, 0.055761747284179056
0.3594440365638808, 0.055761747284179056
nan, nan
nan, nan
nan, nan
nan, nan
0.4654811838957453, 0.0
0.4654811838957453, 0.0
0.4654811838957453, 0.0
0.4654811838957453, 0.0
0.4654811838957453, 0.0
0.46545750823669485, 0.00035670977102471253
nan, nan
nan, nan
nan, nan
nan, nan
nan, nan
nan, nan
0.6694471822820046, 0.0
0.6694471822820046, 0.0
0.6694471822820046, 0.0
0.6694471822820051, 4.440892098500626e-16
nan, nan
nan, nan
nan, nan
0.4654811838957453, 0.0
0.4654811838957453, 0.0
0.4654811838957453, 0.0
0.4654811838957453, 0.0
0.4654811838957452, 5.551115123125783e-17
0.46548118389574533, 5.551115123125783e-17
0.4654811838957453, 0.0
nan, nan
nan, nan
nan, nan
nan, nan
nan, nan
nan, nan
nan, nan
nan, nan
nan, nan
nan, nan
nan, nan
nan, nan
nan, nan
0.4654811838957453, 0.0
0.4654811838957453, 0.0
0.4654811838957453, 0.0
0.4654811838957452, 5.551115123125783e-17
0.4654811838957453, 0.0
0.4654811838957453, 0.0
0.4654811838957453, 0.0
nan, nan
nan, nan
nan, nan
nan, nan
0.6694471822820046, 0.0
0.6395380324748956, 0.07326215566787904
0.630191423160174, 0.08171737904714725
0.63207458804511, 0.07838738155923139
0.6290703314808306, 0.08024858094305384
0.6245581423120014, 0.08353706315209433
nan, nan
nan, nan
nan, nan
nan, nan
0.4654811838957453, 0.0
0.4654811838957453, 0.0
0.4654974433053908, 7.08731235261104e-05
0.46550361066767, 8.240122169010837e-05
0.4655044116238101, 8.37487645505906e-05
0.46550194058890965, 7.949208281188416e-05
nan, nan
0.48563460658884816, 0.025551472956606203
0.5418026957806937, 0.08345617764767652
0.5611596298506587, 0.08960090075119266
0.563330308425776, 0.09218324568270728
0.5579133959794113, 0.09161227972211235
0.5607241002902684, 0.09269457431231416
0.5633017848486224, 0.0938827818986198
0.5637425307854015, 0.09382783230525493
0.5679239003749806, 0.09287255289269483
nan, nan
nan, nan
0.4656437779921997, 0.00016259409645441592
0.46564377799219975, 0.00016259409645441592
0.4656533423508146, 0.00016231254802421234
0.4656515205682213, 0.0001624096447824976
0.46565198981525296, 0.00016238659477915647
0.4656424560889765, 0.00016258872277527853
0.4656369595300904, 0.00016245106578995064
0.4656222550515157, 0.00016116328125891674
nan, nan
nan, nan
0.5428454874154757, 0.0
0.49750688454010605, 0.0386588211733772
0.4941602520476949, 0.03869449095038554
0.4980943350811139, 0.03796301332167237
0.5002259666112325, 0.0449652665497716
0.4995620425953933, 0.04814979354773386
0.5000062748205454, 0.050463436116724956
0.49883494619213714, 0.05188956896619816
nan, nan
nan, nan
nan, nan
nan, nan
nan, nan
0.4656437779921997, 0.00016259409645441592
0.4656112591729088, 0.0001593090286008762
0.4655937490394445, 0.0001547059924115591
0.4655729036424634, 0.00014633409292181531
0.46556739657944674, 0.00014353647615739714
nan, nan
nan, nan
0.46008313363224196, 0.0
0.44452862485256306, 0.03478093898797922
0.4619564803899628, 0.045876500086133455
0.4631423996135697, 0.05113337665159864
0.4728442845782245, 0.053792470103787515
0.4717154281259214, 0.05465261465661472
0.4689736974227061, 0.05998739742274138
0.4660025804839358, 0.06029018206883203
nan, nan
nan, nan
nan, nan
nan, nan
0.4654811838957453, 0.0
0.4654811838957453, 0.0
0.4654811838957453, 0.0
0.4654811838957453, 0.0
0.46548118389574533, 5.551115123125783e-17
0.4654811838957452, 5.551115123125783e-17
nan, nan
nan, nan
nan, nan
nan, nan
0.4216370574703299, 0.054370962328204805
0.41683129795009094, 0.055837879763290126
0.4312485765108079, 0.04994291794807064
0.4299949001142238, 0.05064604383363579
0.4270493282582009, 0.052206751438850375
0.4277288634954756, 0.054448412393438304
nan, nan
nan, nan
nan, nan
nan, nan
0.4654811838957453, 0.0
0.465546221534327, 0.00013007527716353272
0.4655276393518751, 0.00011379216328634013
0.45689335922011887, 0.05185227404393009
0.45886140237495, 0.04566766332348388
0.4617960867621684, 0.034344295321434244
nan, nan
0.5428454874154757, 0.0
0.509740545902182, 0.04054510733612498
0.5122498698562186, 0.05233069865641227
0.5047622216065494, 0.06362024805124727
0.5029070435514125, 0.06711027761142667
0.5046373410979511, 0.06672738670923598
0.5069741118720481, 0.06721448567620833
0.5065501694516646, 0.07354674504083443
0.5028554590424436, 0.08338713742306701
nan, nan
nan, nan
nan, nan
nan, nan
0.4654811838957453, 0.0
0.4654811838957453, 0.0
0.4654811838957453, 0.0
0.4654811838957453, 0.0
0.46548212647021747, 1.7482152117542998e-05
0.46548196653880886, 1.5934043848518136e-05
nan, nan
nan, nan
nan, nan
nan, nan
0.4343890206032325, 0.07553528823104533
0.4348373934707242, 0.0687713334238354
0.4551091531500957, 0.06318630088358358
0.45746600683451744, 0.06268505508985187
0.45483801350618003, 0.06358147944367497
0.45826005615433624, 0.06051974767399389
nan, nan
nan, nan
nan, nan
nan, nan
0.4654811838957453, 0.0
0.4654811838957453, 0.0
0.4654811838957452, 5.551115123125783e-17
0.4654811838957453, 0.0
0.4654811838957453, 0.0
0.4654811838957453, 0.0
nan, nan
nan, nan
0.5111860795454544, 0.0
0.5326177109101218, 0.07122010054140993
0.533393707861933, 0.07853804740007181
0.5346231007503335, 0.08490106243542532
0.5375573939329524, 0.08685057278805061
0.5325118144517775, 0.08665451418881424
0.5326424568917993, 0.0871008723718587
0.5328124723038855, 0.08939600408258751
nan, nan
nan, nan
0.4654811838957453, 0.0
0.4654811838957453, 0.0
0.46550828291182106, 8.987726851102547e-05
0.46550315607094184, 8.162300817522233e-05
0.4655002193021595, 7.633965362613384e-05
0.46548667194377424, 0.00023920725570550962
0.4654944159677132, 6.424815828587127e-05
0.46549038356171935, 5.3916499324717624e-05
nan, nan
0.5428454874154757, 0.0
0.5221548989696672, 0.03583715042663801
0.5221548989696672, 0.03583715042663801
0.5106601276108845, 0.04034648372581268
0.5052988169093854, 0.04979532813213605
0.5093735340762912, 0.051131773552069715
0.5095156879999451, 0.05146054997894495
0.5089383043187813, 0.05064537978333515
0.5106192222481721, 0.0503153958085457
nan, nan
nan, nan
nan, nan
nan, nan
nan, nan
nan, nan
nan, nan
nan, nan
nan, nan
nan, nan
0.5428454874154757, 0.0
0.5428454874154757, 0.0
0.5393364593881671, 0.02353927561204243
0.5401096350552012, 0.020835630826993166
0.5384567325992677, 0.026190305979006
0.5390076373463695, 0.02533135058669125
0.5383696489134759, 0.02672917683900163
0.5386524041767489, 0.027568463771884873
0.5379248530252235, 0.030135809133863344
0.5359282304930855, 0.032736971326763536
nan, nan
0.4654811838957453, 0.0
0.4654811838957453, 0.0
0.4654811838957453, 0.0
0.46550031261297525, 7.651486891972513e-05
0.4655044116238101, 8.37487645505906e-05
0.465509709175825, 9.199126413805028e-05
0.46549749768468723, 7.098529309565448e-05
0.4654946315277828, 6.474698721783417e-05
0.4654961863435477, 6.821690003250901e-05
nan, nan
nan, nan
0.4600831336322418, 0.0
0.3952824317023327, 0.052909551567487494
0.40351109226486087, 0.05393932504105182
0.41065886944841284, 0.05380632362795339
0.41072362336885737, 0.0543416761381758
0.412536196140474, 0.054857109002524926
0.4137976705790647, 0.056182142446015146
0.4136568734301043, 0.056385232291721175
nan, nan
nan, nan
nan, nan
nan, nan
nan, nan
nan, nan
0.4658063720886541, 0.0
0.4658063720886541, 0.0
0.46577927307257827, 8.987726851102547e-05
0.46577680952566236, 9.348503252601131e-05
0.3520819637490599, 0.0
0.36942410226418865, 0.05484065720593712
0.3763780973520037, 0.061035106863520594
0.37409620432639845, 0.05528350641305629
0.37674376730378106, 0.060170933007116616
0.3763536242543802, 0.059250551882814646
0.3764830688132302, 0.06093281099409854
0.37476574759999587, 0.059897168770926
0.37180179018389903, 0.058718224265607695
0.3719961867117713, 0.05647121441487389
nan, nan
nan, nan
0.4658063720886541, 0.0
0.4657250750404269, 0.00014081061803490152
0.4656437779921997, 0.00016259409645441592
0.4655949997632634, 0.00015510488252683534
0.4655704512428182, 0.00014512073603377564
0.46557151394933116, 0.00014565283488524624
0.4655636523711804, 0.0001414804758901231
0.465559393714293, 0.0001389824947394059
nan, nan
nan, nan
nan, nan
0.3790822562198554, 0.04676587837863717
0.4082949924477004, 0.06423108862725069
0.40259016702645845, 0.07360163050822356
0.3989040437581238, 0.0756482130758531
0.39982383497383295, 0.07536733205538955
0.39948381109564124, 0.0753974618021193
0.4012830377696491, 0.07739098195733604
nan, nan
nan, nan
nan, nan
nan, nan
0.4654811838957453, 0.0
0.4654811838957452, 5.551115123125783e-17
0.46549322790289005, 6.141262745304104e-05
0.46548611098957715, 3.9723500423248974e-05
0.46548477713544595, 3.3993642837982835e-05
0.46548395145483384, 2.987169488791717e-05
nan, nan
nan, nan
nan, nan
0.40608254869065086, 0.054000584941590934
0.43467109365972845, 0.045812206567518755
0.44137898190607916, 0.059738176648072634
0.4510571621099594, 0.059892054133060785
0.4542195528296306, 0.05745075491483487
0.4559497266264362, 0.05684957799978093
0.4589923779350646, 0.06316237626237178
nan, nan
nan, nan
nan, nan
nan, nan
0.4654811838957453, 0.0
0.4655624809439725, 0.0001408106180349015
0.465546221534327, 0.00013007527716353272
0.46553725082555714, 0.00012283648875207495
0.46551919290530613, 0.00010447677409611785
0.4655120074211395, 9.525416948508363e-05
nan, nan
nan, nan
0.4600831336322418, 0.0
0.46008313363224185, 5.551115123125783e-17
0.4592944206291184, 0.024040300615214085
0.4562731871016633, 0.023806647310266753
0.4591713889774229, 0.028959481603133816
0.4587556327889868, 0.03170483014084689
0.4591581737156915, 0.033859509176832565
0.4597786414313121, 0.03775716985128968
nan, nan
nan, nan
nan, nan
nan, nan
nan, nan
nan, nan
nan, nan
nan, nan
nan, nan
nan, nan
nan, nan
nan, nan
nan, nan
0.5428454874154757, 0.0
0.5284820966484503, 0.041584275807835795
0.5330868667276566, 0.030192432503529015
0.5308033944074738, 0.038618864378160686
0.5332922842613914, 0.03534845267593906
0.5341438785566879, 0.03462732704843588
0.5353448684649166, 0.03319351361384302
nan, nan
nan, nan
nan, nan
nan, nan
nan, nan
nan, nan
0.4658063720886541, 0.0
0.46572507504042693, 0.0001408106180349015
0.46573410804578547, 0.00013519364489877778
0.46571002003149586, 0.00014848849259017626
nan, nan
nan, nan
0.34474490514650585, 0.0
0.4140393475039643, 0.09132017466073696
0.41755110204877666, 0.0914571633638522
0.41244594588825806, 0.08942163582545117
0.4148251058608872, 0.09539738199484023
0.41661257326413476, 0.09705896995176788
0.42237834490354664, 0.09759535212595538
0.4302084484255914, 0.10026094675703935
nan, nan
nan, nan
nan, nan
0.4654811838957453, 0.0
0.4654811838957453, 0.0
0.46549134602677367, 5.6580350990340264e-05
0.4654886594863869, 4.8734888490914e-05
0.4654852657559074, 3.620374493635262e-05
0.46548461725524815, 3.3237027767973387e-05
0.4654843258106526, 3.180946402729234e-05
nan, nan
nan, nan
0.27137431912096005, 0.0
0.35795161063110315, 0.09924304105765712
0.35697333615076254, 0.09062249226013158
0.356528665932426, 0.07735217068102328
0.3605252213766759, 0.07637363522262429
0.35787009528594116, 0.07707542793427254
0.36119048941868537, 0.0791381170324316
0.35621359059345525, 0.07952424740849698
nan, nan
nan, nan
nan, nan
0.4658063720886541, 0.0
0.4657630136629328, 0.00011054272941547389
0.4657400071513258, 0.00013106025002156422
0.4657349292280908, 0.00013464134727991534
0.4657327959891412, 0.00013606114957013542
0.4657247643510706, 0.00014098953818868104
0.4657209733782266, 0.00014310035841321435
nan, nan
nan, nan
0.40608254869065086, 0.054000584941590934
0.38808235371012056, 0.05091223973365215
0.3918718684428638, 0.05209721432983852
0.3966911426138525, 0.05317767074566778
0.3954472174991521, 0.054293621098197686
0.39863157319265513, 0.05661818901483027
0.39758786783880795, 0.056100584262588224
0.3982783061795512, 0.0576589022718852
nan, nan
nan, nan
nan, nan
0.4654811838957453, 0.0
0.4654811838957453, 0.0
0.4654811838957452, 5.551115123125783e-17
0.4654811838957453, 0.0
0.4654811838957453, 0.0
0.46548118389574517, 1.1102230246251565e-16
0.46548118389574533, 5.551115123125783e-17
nan, nan
0.38808235371012056, 0.05091223973365215
0.3859497264345254, 0.04872148839163981
0.38746746605134613, 0.054650426195123954
0.3888926758380081, 0.059164628227496394
0.3837482954335179, 0.05654763503032606
0.38027041152027036, 0.05697603014430586
0.3796507716192359, 0.05854832119321408
0.37927043725904747, 0.057365253031700425
0.3797971278912571, 0.05976598245909782