nan, nan
nan, nan
nan, nan
nan, nan
nan, nan
nan, nan
nan, nan
nan, nan
nan, nan
nan, nan
nan, nan
nan, nan
nan, nan
nan, nan
nan, nan
nan, nan
nan, nan
nan, nan
nan, nan
nan, nan
nan, nan
nan, nan
nan, nan
nan, nan
nan, nan
nan, nan
nan, nan
nan, nan
nan, nan
nan, nan
nan, nan
nan, nan
nan, nan
nan, nan
nan, nan
nan, nan
nan, nan
nan, nan
nan, nan
nan, nan
nan, nan
nan, nan
nan, nan
nan, nan
nan, nan
nan, nan
nan, nan
nan, nan
nan, nan
nan, nan
nan, nan
nan, nan
nan, nan
nan, nan
nan, nan
nan, nan
nan, nan
nan, nan
nan, nan
nan, nan
nan, nan
nan, nan
nan, nan
nan, nan
nan, nan
nan, nan
nan, nan
nan, nan
nan, nan
nan, nan
nan, nan
nan, nan
nan, nan
nan, nan
nan, nan
nan, nan
nan, nan
nan, nan
nan, nan
nan, nan
nan, nan
nan, nan
nan, nan
nan, nan
nan, nan
nan, nan
nan, nan
nan, nan
nan, nan
nan, nan
nan, nan
nan, nan
nan, nan
nan, nan
nan, nan
nan, nan
nan, nan
nan, nan
nan, nan
nan, nan
nan, nan
nan, nan
nan, nan
nan, nan
nan, nan
nan, nan
nan, nan
nan, nan
nan, nan
nan, nan
nan, nan
nan, nan
nan, nan
nan, nan
nan, nan
nan, nan
nan, nan
nan, nan
nan, nan
nan, nan
nan, nan
nan, nan
nan, nan
nan, nan
nan, nan
nan, nan
nan, nan
nan, nan
nan, nan
nan, nan
nan, nan
nan, nan
nan, nan
nan, nan
nan, nan
nan, nan
nan, nan
nan, nan
nan, nan
nan, nan
nan, nan
nan, nan
nan, nan
nan, nan
nan, nan
nan, nan
nan, nan
nan, nan
nan, nan
nan, nan
nan, nan
nan, nan
nan, nan
nan, nan
nan, nan
nan, nan
nan, nan
nan, nan
nan, nan
nan, nan
nan, nan
nan, nan
nan, nan
nan, nan
nan, nan
nan, nan
nan, nan
nan, nan
nan, nan
nan, nan
nan, nan
nan, nan
nan, nan
nan, nan
nan, nan
nan, nan
nan, nan
nan, nan
nan, nan
nan, nan
nan, nan
nan, nan
nan, nan
nan, nan
nan, nan
nan, nan
nan, nan
nan, nan
nan, nan
nan, nan
nan, nan
nan, nan
nan, nan
nan, nan
nan, nan
nan, nan
nan, nan
nan, nan
nan, nan
nan, nan
nan, nan
nan, nan
nan, nan
nan, nan
nan, nan
nan, nan
nan, nan
nan, nan
nan, nan
nan, nan
nan, nan
nan, nan
nan, nan
nan, nan
nan, nan
0.2909814020305092, 0.0
0.2909814020305092, 0.0
0.2909814020305092, 0.0
0.29098140203050915, 5.551115123125783e-17
0.288534883963603, 0.017125626468343376
nan, nan
nan, nan
nan, nan
nan, nan
nan, nan
nan, nan
nan, nan
nan, nan
nan, nan
nan, nan
nan, nan
nan, nan
nan, nan
nan, nan
nan, nan
nan, nan
nan, nan
nan, nan
nan, nan
nan, nan
nan, nan
nan, nan
nan, nan
nan, nan
nan, nan
nan, nan
nan, nan
nan, nan
nan, nan
nan, nan
nan, nan
nan, nan
nan, nan
nan, nan
nan, nan
nan, nan
nan, nan
nan, nan
nan, nan
nan, nan
nan, nan
nan, nan
nan, nan
nan, nan
nan, nan
nan, nan
nan, nan
nan, nan
nan, nan
nan, nan
nan, nan
nan, nan
nan, nan
nan, nan
nan, nan
nan, nan
nan, nan
nan, nan
nan, nan
nan, nan
nan, nan
nan, nan
nan, nan
nan, nan
nan, nan
nan, nan
nan, nan
nan, nan
nan, nan
nan, nan
nan, nan
nan, nan
nan, nan
nan, nan
nan, nan
nan, nan
nan, nan
nan, nan
0.25877154839208455, 0.0
0.25877154839208455, 0.0
nan, nan
nan, nan
nan, nan
nan, nan
nan, nan
nan, nan
nan, nan
nan, nan
nan, nan
nan, nan
nan, nan
nan, nan
nan, nan
nan, nan
nan, nan
nan, nan
nan, nan
nan, nan
nan, nan
nan, nan
nan, nan
nan, nan
nan, nan
nan, nan
nan, nan
nan, nan
nan, nan
nan, nan
nan, nan
nan, nan
nan, nan
nan, nan
nan, nan
nan, nan
nan, nan
nan, nan
nan, nan
nan, nan
nan, nan
nan, nan
nan, nan
nan, nan
nan, nan
nan, nan
nan, nan
nan, nan
nan, nan
nan, nan
nan, nan
nan, nan
nan, nan
nan, nan
nan, nan
nan, nan
0.3647017045454546, 0.0
0.3647017045454546, 0.0
0.3647017045454546, 0.0
0.36470170454545464, 5.551115123125783e-17
0.3630213312902659, 0.01558314049865256
0.36077370212228826, 0.02449956926457429
nan, nan
nan, nan
nan, nan
nan, nan
nan, nan
nan, nan
nan, nan
nan, nan
nan, nan
nan, nan
nan, nan
nan, nan
nan, nan
nan, nan
nan, nan
nan, nan
0.3647017045454546, 0.0
0.3647017045454546, 0.0
0.35417023275760523, 0.025796732120747373
0.35129801317910087, 0.02843352317424086
nan, nan
nan, nan
nan, nan
nan, nan
nan, nan
nan, nan
nan, nan
nan, nan
nan, nan
nan, nan
nan, nan
nan, nan
nan, nan
nan, nan
0.2909814020305092, 0.0
0.2909814020305092, 0.0
0.2909814020305092, 0.0
0.2881393561212364, 0.01136818363709107
0.28548942233730473, 0.030793882916238916
0.2857348651217186, 0.031065222753416073
nan, nan
nan, nan
nan, nan
nan, nan
nan, nan
nan, nan
nan, nan
nan, nan
nan, nan
nan, nan
nan, nan
nan, nan
nan, nan
nan, nan
nan, nan
0.3647017045454546, 0.0
0.3647017045454546, 0.0
0.36470170454545464, 5.551115123125783e-17
0.3631331874706685, 0.010638200385365513
0.36161727319397774, 0.017086884050083045
nan, nan
nan, nan
nan, nan
nan, nan
nan, nan
nan, nan
nan, nan
nan, nan
nan, nan
nan, nan
nan, nan
0.2909814020305092, 0.0
0.3094114776592456, 0.031921827376308276
0.3155548362021578, 0.034752083879627714
0.3190653267981075, 0.035800120102063786
0.3165457004832725, 0.03508667069042181
0.31522505289475694, 0.03546193505305773
0.31619488862464185, 0.035887958938346246
0.3188503328878296, 0.036298887781036106
0.317613787124745, 0.03614037729834828
nan, nan
nan, nan
nan, nan
nan, nan
nan, nan
nan, nan
nan, nan
nan, nan
nan, nan
nan, nan
0.2909814020305092, 0.0
0.2909814020305092, 0.0
0.2932153505915681, 0.012637121410773713
0.2938642480822603, 0.020500324254932336
0.29269530383743747, 0.023222329103680377
0.2918261015761395, 0.024559589865684486
0.2928110619390984, 0.024437597842527047
0.29353608159057465, 0.024265592009860778
0.29198419464689457, 0.026212243254183705
0.29133634192360214, 0.023555050384231366
nan, nan
nan, nan
nan, nan
nan, nan
nan, nan
nan, nan
nan, nan
nan, nan
nan, nan
nan, nan
nan, nan
nan, nan
nan, nan
nan, nan
nan, nan
nan, nan
0.2909814020305092, 0.0
0.2909814020305092, 0.0
0.29624713792443386, 0.018985880768596603
0.2960077862928918, 0.01858176605239881
nan, nan
nan, nan
nan, nan
nan, nan
nan, nan
nan, nan
nan, nan
nan, nan
nan, nan
nan, nan
nan, nan
nan, nan
nan, nan
nan, nan
nan, nan
nan, nan
nan, nan
nan, nan
nan, nan
nan, nan
nan, nan
nan, nan
nan, nan
nan, nan
nan, nan
nan, nan
nan, nan
nan, nan
nan, nan
nan, nan
nan, nan
nan, nan
nan, nan
nan, nan
nan, nan
nan, nan
nan, nan
nan, nan
nan, nan
nan, nan
nan, nan
nan, nan
nan, nan
nan, nan
nan, nan
nan, nan
nan, nan
nan, nan
nan, nan
nan, nan
nan, nan
nan, nan
nan, nan
nan, nan
nan, nan
nan, nan
nan, nan
nan, nan
0.3647017045454546, 0.0
0.34995764404246554, 0.02948812100597815
nan, nan
nan, nan
nan, nan
nan, nan
nan, nan
nan, nan
nan, nan
nan, nan
nan, nan
nan, nan
nan, nan
nan, nan
nan, nan
nan, nan
nan, nan
nan, nan
nan, nan
nan, nan
0.3647017045454546, 0.0
0.3647017045454546, 0.0
nan, nan
nan, nan
nan, nan
nan, nan
nan, nan
nan, nan
nan, nan
nan, nan
nan, nan
nan, nan
nan, nan
nan, nan
nan, nan
nan, nan
nan, nan
0.39253303120490707, 0.05251246754448861
0.3843079043971912, 0.059434763921029296
0.3806711774265992, 0.05281971807724277
0.37982758602178346, 0.05533706058927209
0.37953817225893066, 0.061129327862993195
nan, nan
nan, nan
nan, nan
nan, nan
nan, nan
nan, nan
nan, nan
nan, nan
nan, nan
0.17019445088641608, 0.0
nan, nan
0.3554011093073607, 0.0
0.3554011093073607, 0.0
0.36058541239462416, 0.025198798070905293
0.3661304870333312, 0.034749412823687625
0.36484919609464184, 0.03831266765203192
0.36661338206782496, 0.040074714232573264
0.36621492529490746, 0.0440955000398394
0.3634882321584295, 0.04796453932254944
0.3638616082159654, 0.04995730608427562
nan, nan
nan, nan
nan, nan
nan, nan
nan, nan
nan, nan
nan, nan
nan, nan
nan, nan
nan, nan
0.35540110930736074, 5.551115123125783e-17
0.3414257595882091, 0.04419393620991348
0.337315362611988, 0.04952985717190052
0.3392264641902292, 0.04728761443803366
0.33862532597071254, 0.047928336092956055
0.3388941448313496, 0.04752368878831267
0.3380613740119531, 0.049575948340165564
0.3377749857154279, 0.04994862993907283
0.33796203570960176, 0.049317713997014706
0.33950736351826843, 0.04847451103475963
nan, nan
nan, nan
nan, nan
nan, nan
nan, nan
nan, nan
nan, nan
nan, nan
nan, nan
nan, nan
nan, nan
nan, nan
0.3554011093073607, 0.0
0.32721748737373857, 0.06302049449573299
0.35291843418238633, 0.07101413351236838
0.3637055267478688, 0.07273151169088005
0.3620271433218414, 0.06622750749887928
0.36140437237989026, 0.06641075765814322
0.3633807880902926, 0.06261319561959316
0.36403061950780863, 0.06370258671970662
nan, nan
nan, nan
nan, nan
nan, nan
nan, nan
nan, nan
nan, nan
nan, nan
nan, nan
nan, nan
nan, nan
nan, nan
nan, nan
0.3739670702561338, 0.041514750749063335
0.3768233719405604, 0.04390257409957095
0.3787747264309774, 0.04555439155783607
0.37820425261784324, 0.04758363713099033
0.37760744745060315, 0.048932285944790564
0.37666359729670684, 0.04652069489330836
0.37276421069675897, 0.04241611983407147
nan, nan
nan, nan
nan, nan
nan, nan
nan, nan
nan, nan
nan, nan
nan, nan
nan, nan
nan, nan
nan, nan
nan, nan
nan, nan
nan, nan
nan, nan
0.3474042977368133, 0.10090687602648464
0.3792389268476327, 0.10582649284616111
0.37575303988313236, 0.11087747984183056
0.39353324804304446, 0.09812105245205234
0.3948572465118224, 0.09627783397955704
nan, nan
nan, nan
nan, nan
nan, nan
nan, nan
nan, nan
nan, nan
nan, nan
nan, nan
nan, nan
nan, nan
nan, nan
nan, nan
nan, nan
nan, nan
0.2200149089030795, 0.0
0.2651436423711732, 0.06382166692329874
0.27752094967035534, 0.08679329389604652
0.2852495921542463, 0.08827634599920726
0.2910738046720338, 0.0874166204593395
nan, nan
nan, nan
nan, nan
nan, nan
nan, nan
nan, nan
nan, nan
nan, nan
nan, nan
nan, nan
nan, nan
nan, nan
nan, nan
nan, nan
nan, nan
nan, nan
nan, nan
nan, nan
nan, nan
nan, nan
nan, nan
nan, nan
nan, nan
nan, nan
nan, nan
nan, nan
nan, nan
nan, nan
nan, nan
nan, nan
nan, nan
nan, nan
nan, nan
nan, nan
nan, nan
nan, nan
nan, nan
0.3554011093073607, 0.0
0.3554011093073607, 0.0
0.35540110930736074, 5.551115123125783e-17
nan, nan
nan, nan
nan, nan
nan, nan
nan, nan
nan, nan
nan, nan
nan, nan
nan, nan
nan, nan
nan, nan
nan, nan
nan, nan
nan, nan
nan, nan
nan, nan
nan, nan
nan, nan
nan, nan
nan, nan
nan, nan
nan, nan
nan, nan
nan, nan
nan, nan
nan, nan
nan, nan
nan, nan
nan, nan
nan, nan
nan, nan
nan, nan
nan, nan
nan, nan
nan, nan
nan, nan
nan, nan
nan, nan
nan, nan
nan, nan
nan, nan
nan, nan
nan, nan
nan, nan
nan, nan
nan, nan
nan, nan
nan, nan
nan, nan
nan, nan
nan, nan
nan, nan
nan, nan
nan, nan
nan, nan
nan, nan
nan, nan
nan, nan
nan, nan
nan, nan
nan, nan
nan, nan
nan, nan
nan, nan
nan, nan
nan, nan
nan, nan
nan, nan
nan, nan
nan, nan
nan, nan
nan, nan
nan, nan
nan, nan
nan, nan
nan, nan
nan, nan
nan, nan
nan, nan
nan, nan
nan, nan
nan, nan
nan, nan
nan, nan
nan, nan
nan, nan
nan, nan
nan, nan
nan, nan
nan, nan
nan, nan
nan, nan
nan, nan
nan, nan
nan, nan
nan, nan
nan, nan
nan, nan
nan, nan
nan, nan
nan, nan
nan, nan
nan, nan
nan, nan
nan, nan
nan, nan
nan, nan
nan, nan
nan, nan
nan, nan
nan, nan
nan, nan
nan, nan
nan, nan
nan, nan
nan, nan
nan, nan
nan, nan
nan, nan
nan, nan
nan, nan
nan, nan
nan, nan
nan, nan
nan, nan
nan, nan
nan, nan
nan, nan
nan, nan
nan, nan
nan, nan
nan, nan
nan, nan
nan, nan
nan, nan
nan, nan
nan, nan
nan, nan
nan, nan
nan, nan
nan, nan
nan, nan
nan, nan
nan, nan
nan, nan
nan, nan
nan, nan
nan, nan
nan, nan
nan, nan
nan, nan
nan, nan
nan, nan
nan, nan
nan, nan
nan, nan
nan, nan
nan, nan
nan, nan
nan, nan
nan, nan
nan, nan
nan, nan
nan, nan
nan, nan
nan, nan
nan, nan
nan, nan
nan, nan
nan, nan
nan, nan
nan, nan
nan, nan
nan, nan
nan, nan
nan, nan
nan, nan
nan, nan
nan, nan
nan, nan
nan, nan
nan, nan
nan, nan
nan, nan
nan, nan
nan, nan
nan, nan
nan, nan
nan, nan
nan, nan
nan, nan
nan, nan
nan, nan
nan, nan
nan, nan
nan, nan
nan, nan
nan, nan
nan, nan
nan, nan
nan, nan
nan, nan
nan, nan
nan, nan
nan, nan
nan, nan
nan, nan
nan, nan
nan, nan
nan, nan
nan, nan
nan, nan
nan, nan
nan, nan
nan, nan
nan, nan
nan, nan
nan, nan
nan, nan
nan, nan
nan, nan
nan, nan
nan, nan
nan, nan
nan, nan
nan, nan
nan, nan
nan, nan
nan, nan
nan, nan
nan, nan
nan, nan
nan, nan
nan, nan
nan, nan
nan, nan
nan, nan
nan, nan
nan, nan
nan, nan
nan, nan
nan, nan
nan, nan
nan, nan
nan, nan
nan, nan
nan, nan
nan, nan
nan, nan
nan, nan
nan, nan
nan, nan
nan, nan
nan, nan
nan, nan
nan, nan
nan, nan
nan, nan
nan, nan
nan, nan
nan, nan
nan, nan
nan, nan
nan, nan
nan, nan
nan, nan
nan, nan
nan, nan
nan, nan
nan, nan
nan, nan
nan, nan
nan, nan
nan, nan
nan, nan
nan, nan
nan, nan
nan, nan
nan, nan
nan, nan
nan, nan
nan, nan
nan, nan
nan, nan
nan, nan
nan, nan
nan, nan
nan, nan
nan, nan
nan, nan
nan, nan
nan, nan
nan, nan
nan, nan
nan, nan
nan, nan
nan, nan
nan, nan
nan, nan
nan, nan
nan, nan
nan, nan
0.1457805417401161, 0.0
0.1457805417401161, 0.0
0.1457805417401161, 0.0
0.1457805417401161, 0.0
0.1457805417401161, 0.0
0.14688350933192826, 0.008029725272707419
0.14620597209695793, 0.005015749934420162
0.14623752575513801, 0.005197042213746528
nan, nan
nan, nan
nan, nan
nan, nan
0.3634535727169679, 0.0
0.35540110930736124, 0.01394727575152796
0.3576115105132973, 0.0511425269914403
0.35841286263015, 0.056043019700181045
0.3612208884338601, 0.060880375363973005
0.36018659740348835, 0.06507605135046661
nan, nan
nan, nan
nan, nan
nan, nan
nan, nan
nan, nan
nan, nan
nan, nan
nan, nan
nan, nan
nan, nan
0.3634535727169679, 0.0
0.3634535727169679, 0.0
0.3634535727169679, 0.0
0.35931060247582, 0.0173216026410526
0.35899236940087625, 0.01873823441614612
0.3577241295830495, 0.026451197381468894
0.3576597476318376, 0.025803998005091932
0.3552284877999939, 0.03463359602262594
0.3545857357250675, 0.038087622769457895
nan, nan
nan, nan
nan, nan
nan, nan
nan, nan
nan, nan
nan, nan
nan, nan
nan, nan
nan, nan
nan, nan
nan, nan
0.350299393631824, 0.03222102674379304
0.3524303391695508, 0.038027235609740716
0.35179019982456033, 0.04242972570747864
0.3500207184019245, 0.04524500783497641
0.34889227846755605, 0.045938410138571834
0.3500551725165964, 0.046218382162774525
0.3487600438916372, 0.04518490371909409
0.3513220717966085, 0.04274371395620525
nan, nan
nan, nan
nan, nan
nan, nan
nan, nan
nan, nan
0.14590880119885657, 0.00012825945874048172
0.14592712397867663, 0.00012694394233702769
0.16116317926787233, 0.06804767927067566
0.15823951113604168, 0.06144845008008287
nan, nan
nan, nan
0.3634535727169679, 0.0
0.3795584995361802, 0.03601171114041821
0.3700968550298928, 0.032740839924507506
0.3694929202741723, 0.03499249704360683
0.37147026976826286, 0.03583291737453219
0.37075016836430424, 0.036324934299174154
0.371672171334287, 0.03813629859564375
0.37350568049952154, 0.04108272400413038
nan, nan
nan, nan
nan, nan
nan, nan
0.46548118389574467, 0.0
0.46548118389574467, 0.0
0.4654811838957446, 5.551115123125783e-17
0.4654811838957446, 5.551115123125783e-17
0.46525626513476537, 0.0010786724840892222
0.46215008414040154, 0.02230120882565806
0.3520819637490597, 0.0
0.3357413415476795, 0.023109129534806802
0.3439116526483696, 0.018269371018464212
0.3625732626978909, 0.03756548578335566
0.35801524838428905, 0.031032323360944702
0.3557881716892859, 0.025614163493370503
0.35749638617694457, 0.028685290268978397
0.3577323112928621, 0.02941634239621203
0.35693966791466103, 0.028556911932137392
0.3549011433591904, 0.023689549121114865
nan, nan
nan, nan
nan, nan
nan, nan
nan, nan
0.46580637208865533, 0.0
0.43679348800237694, 0.08183099322923174
0.4271586586617187, 0.09250452795229981
0.43405781486429407, 0.0851066670555699
0.4357796630003217, 0.08306796717044543
nan, nan
0.40241401938937377, 0.057669114242867914
0.4068501051003635, 0.05749824241767482
0.40998369614600794, 0.05666079283835411
0.41674319658042863, 0.05680376942815402
0.41566195263788447, 0.05779910958270798
0.41423458727801765, 0.06028496257613142
0.4073561955894396, 0.061846545866967896
0.4056955890752515, 0.060300279387377205
0.4035617285531368, 0.0608807051887543
nan, nan
nan, nan
0.46580637208865533, 0.0
0.46575217405650354, 0.0001211904841380932
0.4657453993024846, 0.00012692497586436793
0.46574724696267145, 0.00012542333256487063
0.46406407084514834, 0.019152693857717836
0.4640424566234355, 0.01927474718711181
0.4638091493192326, 0.020237756845962265
0.4646222001095207, 0.01563823619208588
nan, nan
0.6694471822820046, 0.0
0.573820482110464, 0.12997909894676993
0.5402172403399161, 0.1284308956039635
0.5417648614155589, 0.12009004026098634
0.5409303488013699, 0.11832002979898773
0.5429697083931013, 0.11901848144955103
0.5407153002803093, 0.12062196665075121
0.5448581666221707, 0.11585453302674018
0.5467305829540792, 0.11024737746655483
nan, nan
nan, nan
nan, nan
nan, nan
nan, nan
0.4656979760243518, 0.00015329518424595298
0.4656979760243518, 0.00015329518424595296
0.4657029031181837, 0.00015146306374667925
0.4657085882264515, 0.00014911899187696062
0.46570605070455756, 0.00016023933026798642
nan, nan
nan, nan
0.48685619357153087, 0.034284499681885613
0.4794601255905402, 0.030283413691526935
0.47662828303292576, 0.02992673937174242
0.4783801415983582, 0.034160984281549796
0.4790992232917833, 0.034734457173640966
0.47733056637041826, 0.03395969664751773
0.48247522132125253, 0.040099536005923815
0.47907593090601086, 0.03553526177105989
nan, nan
nan, nan
nan, nan
nan, nan
nan, nan
nan, nan
0.46548118389574467, 0.0
0.46554215668191545, 0.00012692497586436793
0.465557061140757, 0.00013753918669952045
0.46555581725149475, 0.0001367470229902395
nan, nan
0.4600831336322414, 0.0
0.46008313363224135, 5.551115123125783e-17
0.45108303614197637, 0.029849946451828764
0.4489317921306743, 0.03589546930182137
0.45081478461431806, 0.03465267407001713
0.4510909411728524, 0.03383580913871731
0.4504817732508451, 0.03581534351680175
0.45207306318677465, 0.03513766118763094
0.45280529218813415, 0.033404266988503926
nan, nan
nan, nan
nan, nan
0.46548118389574467, 0.0
0.4654811838957446, 5.551115123125783e-17
0.46548118389574467, 0.0
0.4654897414797685, 5.205375145085197e-05
0.4654927977597771, 6.0347407729583444e-05
0.4654947769713325, 6.508099555623402e-05
0.46549606178692343, 6.794676519792898e-05
nan, nan
nan, nan
0.4676069839761718, 0.02379250386106124
0.46384505880420657, 0.017239306859290267
0.46368149684020804, 0.016877819500215833
0.46349138082348523, 0.019338807742746274
0.463947479546041, 0.02226845383626117
0.46376120865023435, 0.019881182859102727
0.46447633767680574, 0.023026582975147807
0.46465029453703616, 0.022387010273970148
nan, nan
nan, nan
nan, nan
nan, nan
nan, nan
nan, nan
0.46580637208865533, 0.0
0.46580637208865533, 0.0
0.4658063720886554, 5.551115123125783e-17
0.46580637208865533, 0.0
nan, nan
0.5428454874154757, 0.0
0.47446401805306315, 0.0783202205000697
0.47605981641531814, 0.07325510752224955
0.4843386484041126, 0.06870134740793063
0.48385905210835206, 0.0711348068761242
0.4837535223580095, 0.0701441666794868
0.4840347031299313, 0.07270407315450858
0.49046181092275487, 0.07352063064290981
0.48764309053687704, 0.07102395075834478
nan, nan
nan, nan
nan, nan
nan, nan
0.46580637208865533, 0.0
0.46580637208865533, 0.0
0.4657721417525595, 9.979772155967123e-05
0.46576498450046655, 0.00010837814611774679
0.4657628755787756, 0.00011069148600503282
0.4657595879382602, 0.00011412666908162741
nan, nan
nan, nan
0.6694471822820046, 0.0
0.5867719196755332, 0.10034099575496278
0.563834140123618, 0.10041273928579195
0.5584418275040126, 0.10268899478336288
0.5570951276952407, 0.10410403885954364
0.5567756338349289, 0.1023257723216375
0.5641188693192261, 0.09929113083055606
0.5622398204196909, 0.09687576182037128
nan, nan
nan, nan
nan, nan
0.46580637208865533, 0.0
0.46575991663252525, 0.00011379216328698116
0.46576572356454154, 0.00010754588596701418
0.4657697884169528, 0.0001027531656725182
0.46576680546442295, 0.00010630654392171838
0.4657669412806704, 0.00010614916191507102
0.4657652037624429, 0.0001081324304871336
nan, nan
0.46008313363224196, 0.0
0.502986802175518, 0.06943398389477559
0.5090149965952434, 0.06749638501435964
0.49861969578521187, 0.06625851838007925
0.500715927764927, 0.06685641045043106
0.49909178873674054, 0.06605260119411252
0.49835000071782537, 0.06200475379958207
0.4942625160532287, 0.05884679261818365
0.49092164606725813, 0.05583609566059446
nan, nan
nan, nan
nan, nan
0.46580637208865533, 0.0
0.4656437779922, 0.00016259409645533185
0.46565152056822173, 0.00016240964478341253
0.4656751558002878, 0.0001595376863368856
0.46566447178629444, 0.00016127184220473162
0.46566639041621033, 0.00016101403194287813
0.46567016760994934, 0.0001604382382014084
nan, nan
nan, nan
0.4625989342577033, 0.08203686518194969
0.4777451595659862, 0.0716541648138163
0.4736148803793913, 0.07578434352221691
0.46972238216200435, 0.07987993437347146
0.46748668725042153, 0.08343258092689611
0.46598287205903577, 0.08268015386629586
0.45453726278671014, 0.08614953078750757
0.46048314518403277, 0.0885317365450308
nan, nan
nan, nan
nan, nan
nan, nan
0.46580637208865533, 0.0
0.46580637208865533, 0.0
0.46571768439967975, 0.00014482638963797604
0.46569159978527513, 0.00015540243340825879
0.46569002034990764, 0.0001558797118158077
0.46568707227823836, 0.00015672410471446563
nan, nan
nan, nan
0.5383883075010314, 0.09441744126247804
0.5223934749546751, 0.10648068249624032
0.5171588352346633, 0.11094038951363493
0.51764632892995, 0.1084001553553549
0.5204141779437326, 0.10785822561052642
0.5223343577904841, 0.10305042644684731
0.5227511099404849, 0.10431054772613245
0.5212542488810605, 0.09846474899790576
nan, nan
nan, nan
nan, nan
nan, nan
nan, nan
0.46548118389574467, 0.0
0.4656437779922, 0.00016259409645533185
0.4656641022542569, 0.0001613188289505213
0.46569551247743574, 0.00015414403407045584
0.4656963083925932, 0.00015387461530950918
nan, nan
0.5325553043186989, 0.0
0.5377003958670873, 0.005145091548388381
0.5170098074212789, 0.03313402140180601
0.484650959640238, 0.06491600742338655
0.4814411979831569, 0.058677639719861736
0.48331245562780045, 0.055786835765563446
0.4817269596849475, 0.05553987496703779
0.48331259381252867, 0.052897679457639644
0.48584982460941406, 0.05433718161498012
nan, nan
nan, nan
nan, nan
nan, nan
0.46580637208865533, 0.0
0.46580637208865533, 0.0
0.4658063720886554, 5.551115123125783e-17
0.4657746464112981, 9.64898807381646e-05
0.4657521740565036, 0.00012119048413809319
0.4657532801387924, 0.00012019201343595868
nan, nan
nan, nan
nan, nan
0.4600831336322418, 0.0
0.44932225299283673, 0.08678579776961579
0.4695777227177338, 0.09467684835700552
0.46598206321388097, 0.0956276910784634
0.4603620707505679, 0.10135535253195145
0.4600966076072685, 0.10130799566464357
0.462919827704855, 0.10015137861715749
nan, nan
nan, nan
0.46580637208865533, 0.0
0.4657413344500732, 0.00013007527716426547
0.4657366889044603, 0.00013343313900641437
0.4657360611280259, 0.000133868080752082
0.46573808256814425, 0.0001324518295763809
0.4657326073548002, 0.0001361843770120803
0.465733291231472, 0.00013573584713393933
0.4657338268627401, 0.0001353810958611867
nan, nan
nan, nan
0.6694471822820046, 0.0
0.5915429262582826, 0.0935117159434739
0.5804991942524301, 0.09843036439382288
0.5797560175799149, 0.09915208474708803
0.5769854587795759, 0.09967485168249443
0.5789974422819254, 0.10013691434774838
0.5835206662278829, 0.098904832375944
0.5811404343027179, 0.09953117061359627
nan, nan
nan, nan
nan, nan
nan, nan
0.46580637208865533, 0.0
0.46577024006722084, 0.00010219678949730199
0.46578469287579466, 8.11161869397236e-05
0.4657840552518871, 8.221393201182459e-05
0.46578522982224313, 8.01761808741231e-05
0.46578675226186866, 7.742866662182106e-05
nan, nan
nan, nan
0.4907449011801693, 0.02503522836808364
0.5139664692425407, 0.07805297428097559
0.5161651198458754, 0.07307896297003794
0.5160350905717765, 0.06932335687861466
0.5164199489332677, 0.06687694018112096
0.5123120665077653, 0.060451565455227604
0.5066221147800031, 0.05432829175316143
0.4997769810390351, 0.047808626965207775
nan, nan
nan, nan
nan, nan
0.4656979760243518, 0.00015329518424595298
0.4656437779922, 0.00016259409645533185
0.4656654572050608, 0.00016114233438753995
0.46566924453742803, 0.00016058734469527437
0.46565771462903904, 0.0001619957109177363
0.46565220123424556, 0.0001623757654194971
0.46564998387374407, 0.0001624756204369948
nan, nan
0.4771174489366457, 0.024090159729228167
0.4896385502252854, 0.05480486949898975
0.4951838589146381, 0.07081178465194715
0.49590944014685523, 0.07375389577046479
0.49592291331141103, 0.07370548787869773
0.49560329139224674, 0.07248235737708783
0.4951161663393809, 0.07087872604790094
0.4970206675962086, 0.07449658956469463
0.4952263963279933, 0.06848052754778108