nan, nan
nan, nan
nan, nan
nan, nan
nan, nan
nan, nan
nan, nan
nan, nan
nan, nan
nan, nan
nan, nan
nan, nan
nan, nan
nan, nan
nan, nan
nan, nan
nan, nan
nan, nan
nan, nan
nan, nan
nan, nan
nan, nan
nan, nan
nan, nan
nan, nan
nan, nan
nan, nan
nan, nan
nan, nan
nan, nan
nan, nan
nan, nan
nan, nan
nan, nan
nan, nan
nan, nan
nan, nan
nan, nan
nan, nan
nan, nan
nan, nan
nan, nan
nan, nan
nan, nan
nan, nan
nan, nan
nan, nan
nan, nan
nan, nan
nan, nan
nan, nan
nan, nan
nan, nan
nan, nan
nan, nan
nan, nan
nan, nan
nan, nan
nan, nan
nan, nan
nan, nan
nan, nan
nan, nan
nan, nan
nan, nan
nan, nan
nan, nan
nan, nan
nan, nan
nan, nan
nan, nan
nan, nan
nan, nan
nan, nan
nan, nan
nan, nan
nan, nan
nan, nan
nan, nan
nan, nan
nan, nan
nan, nan
nan, nan
nan, nan
nan, nan
nan, nan
nan, nan
nan, nan
nan, nan
nan, nan
nan, nan
nan, nan
nan, nan
nan, nan
nan, nan
nan, nan
nan, nan
nan, nan
nan, nan
nan, nan
nan, nan
nan, nan
nan, nan
nan, nan
nan, nan
nan, nan
nan, nan
nan, nan
nan, nan
nan, nan
nan, nan
nan, nan
nan, nan
nan, nan
nan, nan
nan, nan
nan, nan
nan, nan
nan, nan
nan, nan
nan, nan
nan, nan
nan, nan
nan, nan
nan, nan
nan, nan
nan, nan
nan, nan
nan, nan
nan, nan
nan, nan
nan, nan
nan, nan
nan, nan
nan, nan
nan, nan
nan, nan
nan, nan
nan, nan
nan, nan
nan, nan
nan, nan
nan, nan
nan, nan
nan, nan
nan, nan
nan, nan
nan, nan
nan, nan
nan, nan
nan, nan
nan, nan
nan, nan
nan, nan
nan, nan
nan, nan
nan, nan
nan, nan
nan, nan
nan, nan
nan, nan
nan, nan
nan, nan
nan, nan
nan, nan
nan, nan
nan, nan
nan, nan
nan, nan
nan, nan
nan, nan
nan, nan
nan, nan
nan, nan
nan, nan
nan, nan
nan, nan
nan, nan
nan, nan
nan, nan
nan, nan
nan, nan
nan, nan
nan, nan
nan, nan
nan, nan
nan, nan
nan, nan
nan, nan
nan, nan
nan, nan
nan, nan
nan, nan
nan, nan
nan, nan
nan, nan
nan, nan
nan, nan
nan, nan
nan, nan
nan, nan
nan, nan
nan, nan
nan, nan
nan, nan
nan, nan
nan, nan
nan, nan
nan, nan
nan, nan
nan, nan
nan, nan
nan, nan
nan, nan
nan, nan
nan, nan
nan, nan
nan, nan
nan, nan
nan, nan
nan, nan
nan, nan
0.4658063720886541, 0.0
0.4658063720886541, 0.0
0.465806372088654, 1.1102230246251565e-16
0.4657825778306364, 8.468438493463663e-05
0.4657800701024631, 8.866397736282976e-05
0.4657793434596332, 8.977106572480032e-05
0.4657850943426983, 8.041473300057866e-05
0.4657830859994634, 8.384580677664063e-05
nan, nan
nan, nan
nan, nan
nan, nan
0.5152580361543979, 0.0390145477247233
0.529051761784937, 0.030843708172866406
0.5226370841863803, 0.04524027382798626
0.5276584384619152, 0.04633062794401768
0.5278015889920339, 0.04612870620007895
0.5272642888234674, 0.04928668582453608
nan, nan
nan, nan
nan, nan
nan, nan
0.4657521740565027, 0.00012119048413726569
0.4657575938597178, 0.00011611541027314165
0.4657649845004658, 0.00010837814611700677
0.46576434096167957, 0.0001090935863926522
0.4657669553379985, 0.0001061328492209827
0.46576177021680876, 0.00011186900881657072
nan, nan
nan, nan
0.3520819637490599, 0.0
0.3880823537101204, 0.050912239733651964
0.37847083466964243, 0.04716117790424201
0.3856340445081955, 0.054919134675038436
0.3881447284285816, 0.05817921145574183
0.39206027233397717, 0.06474383023731764
0.3927036816454686, 0.06845948945868023
0.38916266485286366, 0.07055785254142573
nan, nan
nan, nan
nan, nan
0.4658063720886541, 0.0
0.4658063720886541, 0.0
0.4658063720886541, 0.0
0.4658063720886541, 0.0
0.4658063720886541, 0.0
0.46580637208865405, 5.551115123125783e-17
0.46580581621140127, 1.3433380803360204e-05
nan, nan
nan, nan
nan, nan
0.3520819637490599, 0.0
0.3790822562198554, 0.04676587837863717
0.4214263180698022, 0.0976389984716537
0.41360101808282873, 0.09225982456488799
0.4233166971937807, 0.1004574080330097
0.42177839975674225, 0.0999519681117405
0.4195388007172038, 0.09702605522669439
nan, nan
nan, nan
0.4658063720886541, 0.0
0.4658063720886541, 0.0
0.465806372088654, 1.1102230246251565e-16
0.4657984406693149, 5.0162700379751006e-05
0.46579386485046526, 6.25361909439314e-05
0.46579170194461306, 6.749329229049701e-05
0.4655655828228885, 0.006099027617952341
0.46579106424751204, 6.887379180695617e-05
nan, nan
nan, nan
0.5014643105238588, 0.041381176891617355
0.5097405459021822, 0.040545107336125125
0.5097405459021821, 0.040545107336125076
0.507901382484777, 0.04087744984102208
0.5081292822224541, 0.04332910789968367
0.5072504430956215, 0.044574240552947
0.5062047731128139, 0.04585000903158807
0.5046263605620542, 0.05246242854974451
nan, nan
nan, nan
nan, nan
nan, nan
0.4658063720886541, 0.0
0.46562055026413507, 0.0001609264206111237
0.46564377799219986, 0.00016259409645422163
0.4655989244483506, 0.00015628499545993228
0.4655968950318727, 0.00015568824050876288
0.4648681566501193, 0.010873347933848029
nan, nan
0.46008313363224146, 5.551115123125783e-17
0.4600831336322414, 0.0
0.4600831336322415, 1.1102230246251565e-16
0.46008313363224146, 5.551115123125783e-17
0.46008313363224124, 1.6653345369377348e-16
0.459691434748076, 0.00942703430780497
0.46006931726368183, 0.009433306911325866
0.4606509389796352, 0.008919426322305671
0.4607195215884822, 0.010682303668560444
nan, nan
nan, nan
nan, nan
nan, nan
0.4658063720886541, 0.0
0.4658063720886541, 0.0
0.46575991663252436, 0.00011379216328620416
0.4657341080457856, 0.00013519364489861623
0.4656979760243514, 0.00015329518424490624
0.4657008285523592, 0.00015225660506942268
nan, nan
nan, nan
0.5428454874154757, 0.0
0.5097405459021821, 0.04054510733612488
0.5083611733391281, 0.040802390668227446
0.5124269979068685, 0.05479368019966054
0.5096892197666064, 0.0582275150735275
0.5083603386435971, 0.059257407166786
0.5091007673096692, 0.059609478630092375
0.5140839916611715, 0.057658442084122616
nan, nan
nan, nan
nan, nan
nan, nan
0.4658063720886541, 0.0
0.4656979760243513, 0.00015329518424490627
0.4657341080457856, 0.00013519364489861623
0.4657472469626708, 0.00012542333256401422
0.4657560852546992, 0.00011757516315819561
0.46575496366109875, 0.00011863636555998183
nan, nan
nan, nan
nan, nan
0.4600831336322418, 0.0
0.4600831336322418, 0.0
0.4370154879350946, 0.04613529139429438
0.4168312979500909, 0.05583787976329009
0.4194328484157147, 0.06110447839681265
0.42382873381861486, 0.06158470756394026
0.42348884508288825, 0.06238261708145025
nan, nan
nan, nan
0.46548118389574566, 0.0
0.4654811838957456, 5.551115123125783e-17
0.46553538192789695, 0.00012119048413726569
0.46552900568882044, 0.00011517012884745805
0.46552359974699464, 0.00010951725700153784
0.4655193581618697, 0.00010467352111385288
0.46551552376891686, 9.993845311898727e-05
0.46551511657674477, 9.941368303639141e-05
nan, nan
nan, nan
nan, nan
0.5111860795454548, 0.0
0.5111860795454548, 0.0
0.5111860795454548, 0.0
0.49415176424105056, 0.024090159729228167
0.4941517642410505, 0.024090159729228174
0.4959768694522366, 0.023364831887192575
0.49441044466910394, 0.025439398151545656
nan, nan
nan, nan
nan, nan
nan, nan
0.46548118389574566, 0.0
0.46548118389574566, 0.0
0.4654811838957456, 5.551115123125783e-17
0.4654811838957456, 5.551115123125783e-17
0.4654811838957458, 1.1102230246251565e-16
0.46548118389574566, 0.0
nan, nan
nan, nan
0.5111860795454548, 0.0
0.5111860795454548, 0.0
0.5111860795454548, 0.0
0.5111860795454549, 1.1102230246251565e-16
0.5082659112075568, 0.011861779862542193
0.5079921454258791, 0.012370053654000773
0.5080771550792519, 0.012215145824266046
0.5082070563276723, 0.015428265736892882
nan, nan
nan, nan
nan, nan
nan, nan
nan, nan
nan, nan
nan, nan
0.4658063720886541, 0.0
0.4656762968114908, 0.00015930902860068584
0.4656437779921999, 0.00016259409645422163
nan, nan
nan, nan
nan, nan
nan, nan
nan, nan
0.5111860795454548, 0.0
0.5111860795454549, 1.1102230246251565e-16
0.5195156112684312, 0.03533921019255008
0.5152297835765239, 0.032052299154980174
0.5138058189042017, 0.031527653531993556
nan, nan
nan, nan
nan, nan
0.4658063720886541, 0.0
0.4658063720886541, 0.0
0.46578314436058915, 8.374876455049052e-05
0.46578069933658234, 8.768914216853132e-05
0.4657747166008488, 9.639461067318708e-05
0.4657677358677146, 0.00010522017534518043
0.465764047336742, 0.00010941720598316221
nan, nan
nan, nan
nan, nan
nan, nan
0.504704900197724, 0.03409697997612494
0.5101535555145456, 0.03427309177961587
0.5022714265828091, 0.0353482158292259
0.49740296367322134, 0.03498603962563537
0.4943434494638383, 0.03488673700615047
0.4936505578933741, 0.03654232018477191
nan, nan
nan, nan
nan, nan
nan, nan
0.4658063720886541, 0.0
0.4658063720886541, 0.0
0.4658063720886541, 0.0
0.4658063720886541, 0.0
0.4658063720886541, 0.0
0.465804737977132, 2.299398731044619e-05
nan, nan
nan, nan
nan, nan
0.5111860795454548, 0.0
0.5111860795454548, 0.0
0.507779216484574, 0.012747314337472278
0.5071155654404739, 0.032026186156356225
0.5028291125647608, 0.03329696338533337
0.5036903892091958, 0.036016626149111636
0.5020771048096244, 0.03501829686652211
nan, nan
nan, nan
nan, nan
nan, nan
nan, nan
nan, nan
nan, nan
0.46548118389574566, 0.0
0.46548118389574566, 0.0
0.46551074645873725, 9.348503252589958e-05
nan, nan
nan, nan
0.4600831336322418, 0.0
0.46008313363224185, 8.777083671441753e-17
0.4646139004178876, 0.04392437530859503
0.4695033746052368, 0.04655502864397133
0.46357587443000425, 0.050557152240882405
0.46217185815491835, 0.05380542916812102
0.4629496589271264, 0.05415380900030111
0.46684822019701505, 0.05357065968685738
nan, nan
nan, nan
nan, nan
nan, nan
0.4656979760243513, 0.00015329518424490627
0.46572507504042704, 0.00014081061803473326
0.4657134611763945, 0.00014690505111212792
0.4657016504672091, 0.00015194609846285088
0.4656945239203928, 0.0001544722984020894
0.46569309563283057, 0.0001549342135371957
nan, nan
nan, nan
0.34474490514650585, 0.0
0.35354937546957105, 0.010783229873493585
0.34881885969339504, 0.020932049578095163
0.3500243611467763, 0.019746349072928375
0.35051483797108557, 0.028655135335944982
0.34765701108181524, 0.03806376750451971
0.3478145724415987, 0.03734760436833371
0.34722084552099064, 0.03852825447574984
nan, nan
nan, nan
nan, nan
nan, nan
nan, nan
nan, nan
nan, nan
0.46548118389574566, 0.0
0.46548118389574566, 0.0
0.4654811838957456, 5.551115123125783e-17
nan, nan
0.45480078418482256, 0.08804470323065355
0.40802703559353787, 0.07816098484975413
0.40410837929444626, 0.09015681823039323
0.39426685586585697, 0.08432280536997985
0.3924480040957882, 0.08367300817885914
0.3947179034499458, 0.08423629217222979
0.3983305226195535, 0.08255417527636988
0.39710468841285756, 0.08199251027573864
0.40620692947120424, 0.08384724364580856
nan, nan
nan, nan
nan, nan
nan, nan
nan, nan
nan, nan
0.4658063720886541, 0.0
0.4658063720886541, 0.0
0.46578724337142424, 7.651486891963371e-05
0.4657860478265974, 7.871552846985535e-05
nan, nan
nan, nan
nan, nan
nan, nan
nan, nan
0.5428454874154757, 0.0
0.526837359555357, 0.050622145113172735
0.513759290812492, 0.07280455342741746
0.5083087709126564, 0.07858607458604086
0.5113606480712864, 0.07614743003490042
nan, nan
nan, nan
nan, nan
nan, nan
0.4654811838957457, 5.551115123125783e-17
0.465497443305391, 7.087312352602571e-05
0.4655044116238106, 8.374876455049052e-05
0.46546638535366586, 0.0004242224336121312
0.46548496857242766, 0.0002603824373690775
0.4654632641366056, 0.00037499066123779473
nan, nan
nan, nan
nan, nan
0.41341960729320537, 0.04666352633903639
0.40408690202539815, 0.04572073165182493
0.40228797359804025, 0.046442795825806155
0.40009960748961204, 0.04842264407933989
0.39826334173718864, 0.04865182740602389
0.3978748151452303, 0.05180312041249147
0.396099072165, 0.05364744830463627
nan, nan
nan, nan
nan, nan
nan, nan
0.4658063720886541, 0.0
0.4658063720886541, 0.0
0.4658063720886541, 0.0
0.4657413344500724, 0.00013007527716337727
0.4657413344500724, 0.0001300752771633773
0.4657390917728799, 0.0001317274588468098
nan, nan
nan, nan
0.4495271069410268, 0.05214338655227999
0.44033032627582036, 0.05561901938945967
0.4523293933228816, 0.057783158723714055
0.4534683090609208, 0.053951161213854675
0.4567157700039948, 0.05556077038926338
0.45928840763667644, 0.05653455737337311
0.46063107040619505, 0.06041729039803363
0.46203546026180975, 0.06114603488683692
nan, nan
nan, nan
0.4658063720886541, 0.0
0.4658063720886541, 0.0
0.465806372088654, 1.1102230246251565e-16
0.4658063720886541, 0.0
0.4658033329466643, 3.1289881872909006e-05
0.46580317351626477, 3.2092165863681456e-05
0.46580263906092934, 3.464103121853428e-05
0.4658022030092578, 3.6583523230410115e-05
nan, nan
nan, nan
nan, nan
0.5063251950346568, 0.029661913267605682
0.45653275902023455, 0.08722396037304124
0.4578289489390841, 0.0865194776373946
0.45751964405697887, 0.08779463758480563
0.46169104969712155, 0.0838480054011984
0.4606653763717906, 0.08458017568407626
0.45755446962763885, 0.0837913081092878
nan, nan
nan, nan
nan, nan
0.4658063720886541, 0.0
0.46580637208865405, 5.551115123125783e-17
0.46579588214694734, 5.745577699686963e-05
0.46578701564860026, 7.694032746718703e-05
0.4657808965159377, 8.738049353091272e-05
0.4657770148212388, 9.31922077720559e-05
0.4657757174055009, 9.502016322620383e-05
nan, nan
nan, nan
0.5014643105238588, 0.04138117689161694
0.4802907822399874, 0.0520703912365492
0.4819542841998017, 0.06410254392152082
0.48291812480403556, 0.06146602693108287
0.48541252330822154, 0.060968651453157226
0.48603359215612907, 0.06371219954731758
0.48575914861829705, 0.06565755862945494
0.4884169965560803, 0.06449150879255985