nan, nan
nan, nan
nan, nan
nan, nan
nan, nan
nan, nan
nan, nan
nan, nan
nan, nan
nan, nan
nan, nan
nan, nan
nan, nan
nan, nan
nan, nan
nan, nan
nan, nan
nan, nan
nan, nan
nan, nan
nan, nan
nan, nan
nan, nan
nan, nan
nan, nan
nan, nan
nan, nan
nan, nan
nan, nan
nan, nan
nan, nan
nan, nan
nan, nan
nan, nan
nan, nan
nan, nan
nan, nan
nan, nan
nan, nan
nan, nan
nan, nan
nan, nan
nan, nan
nan, nan
nan, nan
nan, nan
nan, nan
nan, nan
nan, nan
nan, nan
nan, nan
nan, nan
nan, nan
nan, nan
nan, nan
nan, nan
nan, nan
nan, nan
nan, nan
nan, nan
nan, nan
nan, nan
nan, nan
nan, nan
nan, nan
nan, nan
nan, nan
nan, nan
nan, nan
nan, nan
nan, nan
nan, nan
nan, nan
nan, nan
nan, nan
nan, nan
nan, nan
nan, nan
nan, nan
nan, nan
nan, nan
nan, nan
nan, nan
nan, nan
nan, nan
nan, nan
nan, nan
nan, nan
nan, nan
nan, nan
nan, nan
nan, nan
nan, nan
nan, nan
nan, nan
nan, nan
nan, nan
nan, nan
nan, nan
nan, nan
nan, nan
nan, nan
nan, nan
nan, nan
nan, nan
nan, nan
nan, nan
nan, nan
nan, nan
nan, nan
nan, nan
nan, nan
nan, nan
nan, nan
nan, nan
nan, nan
nan, nan
nan, nan
nan, nan
nan, nan
nan, nan
nan, nan
nan, nan
nan, nan
nan, nan
nan, nan
nan, nan
nan, nan
nan, nan
nan, nan
nan, nan
nan, nan
nan, nan
nan, nan
nan, nan
nan, nan
nan, nan
nan, nan
nan, nan
nan, nan
nan, nan
nan, nan
nan, nan
nan, nan
nan, nan
nan, nan
nan, nan
nan, nan
nan, nan
nan, nan
nan, nan
nan, nan
nan, nan
nan, nan
nan, nan
nan, nan
nan, nan
nan, nan
nan, nan
nan, nan
nan, nan
nan, nan
nan, nan
nan, nan
nan, nan
nan, nan
nan, nan
nan, nan
nan, nan
nan, nan
nan, nan
nan, nan
nan, nan
nan, nan
nan, nan
nan, nan
nan, nan
nan, nan
nan, nan
nan, nan
nan, nan
nan, nan
nan, nan
nan, nan
nan, nan
nan, nan
nan, nan
nan, nan
nan, nan
nan, nan
nan, nan
nan, nan
nan, nan
nan, nan
nan, nan
nan, nan
nan, nan
nan, nan
nan, nan
nan, nan
nan, nan
nan, nan
nan, nan
nan, nan
nan, nan
nan, nan
nan, nan
nan, nan
nan, nan
nan, nan
nan, nan
nan, nan
nan, nan
nan, nan
nan, nan
nan, nan
nan, nan
nan, nan
nan, nan
nan, nan
nan, nan
nan, nan
nan, nan
nan, nan
nan, nan
nan, nan
nan, nan
nan, nan
nan, nan
nan, nan
nan, nan
nan, nan
nan, nan
nan, nan
nan, nan
nan, nan
nan, nan
nan, nan
nan, nan
nan, nan
nan, nan
nan, nan
nan, nan
nan, nan
nan, nan
nan, nan
nan, nan
nan, nan
nan, nan
nan, nan
nan, nan
nan, nan
nan, nan
nan, nan
nan, nan
nan, nan
nan, nan
nan, nan
nan, nan
nan, nan
nan, nan
nan, nan
nan, nan
nan, nan
nan, nan
nan, nan
nan, nan
nan, nan
nan, nan
nan, nan
nan, nan
nan, nan
nan, nan
nan, nan
nan, nan
nan, nan
nan, nan
nan, nan
nan, nan
nan, nan
nan, nan
nan, nan
nan, nan
nan, nan
nan, nan
nan, nan
nan, nan
nan, nan
nan, nan
nan, nan
nan, nan
nan, nan
nan, nan
nan, nan
nan, nan
nan, nan
nan, nan
nan, nan
nan, nan
nan, nan
nan, nan
nan, nan
nan, nan
nan, nan
nan, nan
nan, nan
nan, nan
0.1457805417401159, 0.0
0.14578054174011593, 2.7755575615628914e-17
0.1457805417401159, 0.0
nan, nan
nan, nan
nan, nan
nan, nan
nan, nan
nan, nan
nan, nan
nan, nan
nan, nan
nan, nan
nan, nan
nan, nan
nan, nan
nan, nan
0.1457805417401159, 0.0
0.1457805417401159, 0.0
0.14578054174011593, 2.7755575615628914e-17
0.14578273420949606, 2.3613617893739655e-05
0.14560796208923762, 0.0032378598643444047
0.14548986000352812, 0.004179883172984791
nan, nan
nan, nan
nan, nan
nan, nan
nan, nan
nan, nan
nan, nan
nan, nan
nan, nan
nan, nan
nan, nan
nan, nan
nan, nan
nan, nan
0.1457805417401159, 0.0
0.1457805417401159, 0.0
0.14578054174011595, 5.551115123125783e-17
0.14578054174011593, 2.7755575615628914e-17
0.1457805417401159, 0.0
0.1457805417401159, 0.0
nan, nan
nan, nan
nan, nan
nan, nan
nan, nan
nan, nan
nan, nan
nan, nan
nan, nan
nan, nan
nan, nan
nan, nan
nan, nan
nan, nan
nan, nan
nan, nan
nan, nan
0.1457805417401159, 0.0
0.1457805417401159, 0.0
0.1457805417401159, 0.0
nan, nan
nan, nan
nan, nan
nan, nan
nan, nan
nan, nan
nan, nan
nan, nan
nan, nan
nan, nan
nan, nan
nan, nan
nan, nan
nan, nan
0.1457805417401159, 0.0
0.1457805417401159, 0.0
0.1457805417401159, 0.0
0.14578054174011595, 5.551115123125783e-17
0.14578054174011593, 2.7755575615628914e-17
0.14600075280514585, 0.0029789600716656215
nan, nan
nan, nan
nan, nan
nan, nan
nan, nan
nan, nan
nan, nan
nan, nan
nan, nan
nan, nan
nan, nan
nan, nan
nan, nan
nan, nan
0.1457805417401159, 0.0
0.1457805417401159, 0.0
0.1457805417401159, 0.0
0.14578054174011595, 5.551115123125783e-17
0.1457805417401159, 0.0
0.14578211547580597, 2.003038520836849e-05
nan, nan
nan, nan
nan, nan
nan, nan
nan, nan
nan, nan
nan, nan
nan, nan
nan, nan
nan, nan
nan, nan
nan, nan
nan, nan
nan, nan
0.1457805417401159, 0.0
0.1457805417401159, 0.0
0.1457805417401159, 0.0
0.1457805417401159, 0.0
0.14578054174011587, 2.7755575615628914e-17
0.1457805417401159, 0.0
nan, nan
nan, nan
nan, nan
nan, nan
nan, nan
nan, nan
nan, nan
nan, nan
nan, nan
nan, nan
nan, nan
nan, nan
nan, nan
nan, nan
nan, nan
0.1457805417401159, 0.0
0.1457805417401159, 0.0
0.1457805417401159, 0.0
0.1457805417401159, 0.0
0.14578054174011593, 2.7755575615628914e-17
nan, nan
nan, nan
nan, nan
nan, nan
nan, nan
nan, nan
nan, nan
nan, nan
nan, nan
nan, nan
nan, nan
nan, nan
nan, nan
0.1457805417401159, 0.0
0.1457805417401159, 0.0
0.1457805417401159, 0.0
0.14578054174011595, 5.551115123125783e-17
0.1457805417401159, 0.0
0.14578054174011593, 2.7755575615628914e-17
0.1457805417401159, 0.0
nan, nan
nan, nan
nan, nan
nan, nan
nan, nan
nan, nan
nan, nan
nan, nan
nan, nan
nan, nan
nan, nan
nan, nan
0.1457805417401159, 0.0
0.1457805417401159, 0.0
0.1457805417401159, 0.0
0.14578054174011595, 5.551115123125783e-17
0.14729439131999325, 0.012205045505124596
0.1468784985782687, 0.01041613314335909
0.14738558707781718, 0.012561466687242062
0.14675769648116144, 0.009832429914812943
nan, nan
nan, nan
nan, nan
nan, nan
nan, nan
nan, nan
nan, nan
nan, nan
nan, nan
nan, nan
nan, nan
nan, nan
nan, nan
0.15980433337005803, 0.014023791629942134
0.1777709556230631, 0.04085322032308607
0.17417763117246204, 0.037764662812984906
0.17389135690606855, 0.03903152448050976
0.17560225989195727, 0.04087747686498728
0.17594399235189664, 0.04188816070026461
0.1747041100516482, 0.042139378628161736
nan, nan
nan, nan
nan, nan
nan, nan
nan, nan
nan, nan
nan, nan
nan, nan
nan, nan
nan, nan
nan, nan
nan, nan
0.24569461401202036, 0.0
0.24569461401202036, 0.0
0.2456946140120203, 5.551115123125783e-17
0.2422493011750581, 0.018230881910840928
0.24037324518312822, 0.020569302535967823
0.24020394846761786, 0.021573593160361594
0.23949324433383376, 0.02279236332317926
0.23894148870722545, 0.02348028232899474
nan, nan
nan, nan
nan, nan
nan, nan
nan, nan
nan, nan
nan, nan
nan, nan
nan, nan
nan, nan
0.2456946140120204, 2.7755575615628914e-17
0.24569461401202036, 0.0
0.24569461401202036, 0.0
0.24413630068050435, 0.010476748188803741
0.24381331693444233, 0.011025067013430171
0.24315191066634576, 0.01238643029798905
0.24324650951666724, 0.012324333792751637
0.24301910371918653, 0.01265061211537142
0.2434952653948034, 0.010321162287339378
0.24432646221325405, 0.007907421613109502
nan, nan
nan, nan
nan, nan
nan, nan
nan, nan
nan, nan
nan, nan
nan, nan
nan, nan
nan, nan
nan, nan
0.24569461401202036, 0.0
0.24569461401202033, 2.7755575615628914e-17
0.2456946140120204, 2.7755575615628914e-17
0.2383261108725979, 0.023582825384418426
0.23256687141232324, 0.03411340871442585
0.22896010844746734, 0.03762637101151774
0.22965214792947233, 0.0378028041862843
0.23141007791701376, 0.035787755931177445
0.23175828002897897, 0.036954809625926455
nan, nan
nan, nan
nan, nan
nan, nan
nan, nan
nan, nan
nan, nan
nan, nan
nan, nan
nan, nan
0.24569461401202036, 0.0
0.2456946140120204, 2.7755575615628914e-17
0.24065038622276422, 0.013345772286732888
0.23851168106339773, 0.01949237129986733
0.24043191184949333, 0.015436511579762823
0.23928238378090297, 0.01807297086033795
0.23885863008065777, 0.01869463655899014
0.23977910718564588, 0.016873205328626413
0.2391706065989054, 0.020065740919868777
0.23948006372358374, 0.020812277485558
nan, nan
nan, nan
nan, nan
nan, nan
nan, nan
0.03658844383921759, 0.0
0.03658844383921759, 0.0
0.15275853837966333, 0.12604778166532832
0.10431513863202807, 0.10753057004237009
0.11500325765401849, 0.11403370480803242
nan, nan
nan, nan
nan, nan
nan, nan
0.24569461401202036, 0.0
0.24233179548584957, 0.011153207289364364
0.23666352816702024, 0.024091983685313057
0.2371609653881969, 0.022456517012542296
0.23614189588231674, 0.023812514512170976
0.23596289889182537, 0.024236984416805656
nan, nan
nan, nan
nan, nan
nan, nan
nan, nan
nan, nan
0.11382720701917182, 0.0
0.11382720701917182, 0.0
0.13030231423273067, 0.03683945966611471
0.11723960914044532, 0.04973116325097686
nan, nan
nan, nan
nan, nan
0.1457805417401159, 0.0
0.1457805417401159, 0.0
0.1457805417401159, 0.0
0.14840985943148183, 0.015993515133290757
0.14822941606050574, 0.015449272487569577
0.1477796061518533, 0.013373190066430927
0.1484002315058339, 0.015690897408789775
nan, nan
nan, nan
nan, nan
nan, nan
nan, nan
nan, nan
nan, nan
nan, nan
0.03658844383921759, 0.0
0.03658844383921759, 0.0
nan, nan
nan, nan
nan, nan
0.1457805417401159, 0.0
0.14578054174011587, 2.7755575615628914e-17
0.1457805417401159, 0.0
0.1461857135085367, 0.0048957091050309525
0.1463437592338072, 0.005764387283978313
0.1459989778646557, 0.0036003327397495385
0.14611579423367244, 0.0049706348705133825
nan, nan
nan, nan
nan, nan
nan, nan
nan, nan
nan, nan
0.3554011093073601, 0.0
0.3511031069624824, 0.006078293207237311
0.31495761183261245, 0.10540556856770228
0.33556503118591996, 0.07518553152578665
nan, nan
nan, nan
nan, nan
nan, nan
nan, nan
nan, nan
0.1457805417401159, 0.0
0.1457805417401159, 0.0
0.14578054174011587, 2.7755575615628914e-17
0.14786208491244723, 0.014270341025326757
nan, nan
nan, nan
nan, nan
nan, nan
nan, nan
0.18629937770562888, 0.0
0.22144433207376024, 0.0646907244108628
0.22542493170585162, 0.08027108589382688
0.22802876722879492, 0.07753582887669076
0.23233839516174495, 0.08725239480590512
nan, nan
nan, nan
nan, nan
nan, nan
nan, nan
0.24569461401202036, 0.0
0.21238992325471887, 0.047099945359617625
0.1986762270605359, 0.04987053038077161
0.19451911358006932, 0.04994217460471873
0.19404411902400195, 0.04992832519327277
nan, nan
nan, nan
nan, nan
0.33124371907854144, 0.0
0.30221991242966034, 0.058958413757895095
0.2981437687615745, 0.06484138861311435
0.2765464463161298, 0.09397806007357415
0.2743662213712759, 0.09291448434869834
0.27032254052942883, 0.09042176346886535
0.27147060526551625, 0.09011980805508749
nan, nan
nan, nan
nan, nan
nan, nan
nan, nan
nan, nan
nan, nan
nan, nan
nan, nan
nan, nan
nan, nan
nan, nan
nan, nan
0.4435319661324133, 0.0838153946736084
0.38873825791116656, 0.10462156528852287
0.35774962075508193, 0.11048037847971241
0.37093034089418464, 0.09969665413520962
0.369336651339324, 0.10497053447459577
0.37241167248421375, 0.10862164983999932
0.37195122158318905, 0.10429808974594668
nan, nan
nan, nan
nan, nan
nan, nan
nan, nan
nan, nan
nan, nan
nan, nan
nan, nan
nan, nan
nan, nan
nan, nan
0.5325553043186989, 0.0
0.4266993818123851, 0.0919531349757797
0.4082025498240432, 0.091865033543741
0.4082561949244986, 0.09200206023913851
0.40928656896645815, 0.09728030337003445
0.41079868877766595, 0.09971134070015192
0.4083635066750936, 0.09704319531957024
0.40467917288232125, 0.10062754426322384
nan, nan
nan, nan
nan, nan
nan, nan
nan, nan
nan, nan
nan, nan
nan, nan
0.1457805417401159, 0.0
0.1457805417401159, 0.0
nan, nan
nan, nan
0.33124371907854144, 0.0
0.3269673333672856, 0.015418727955594336
0.3172135437145704, 0.04857052455641285
0.3114246105419763, 0.04988737337619367
0.31152894825609884, 0.051876631422416816
0.31153820699770013, 0.05607671223411832
0.3081142009510397, 0.0639272734785871
0.3065423413314015, 0.06668036839819953
nan, nan
nan, nan
nan, nan
nan, nan
nan, nan
nan, nan
nan, nan
nan, nan
nan, nan
nan, nan
nan, nan
nan, nan
0.33124371907854144, 0.0
0.33124371907854144, 0.0
0.33296924695202845, 0.006221479225099881
0.32578295625360043, 0.04559750397088122
0.33177707866479095, 0.06108355595649453
0.3340752658850049, 0.05883645720473754
0.33347982100515067, 0.060621517117366304
0.33066459298400314, 0.05576457037611214
nan, nan
nan, nan
nan, nan
nan, nan
nan, nan
nan, nan
nan, nan
nan, nan
nan, nan
nan, nan
nan, nan
0.3554011093073601, 0.0
0.3535786193426048, 0.0374213510376538
0.3498079747019024, 0.04757485747048536
0.3542153565728518, 0.05457173664604211
0.3534217458375356, 0.06291765954651447
0.35617044984304835, 0.06454359428726493
0.3538399812822237, 0.06118792653001449
0.35004853671679004, 0.06426509788105886
0.3463156259819092, 0.05749506491508232
nan, nan
nan, nan
nan, nan
nan, nan
nan, nan
nan, nan
nan, nan
nan, nan
nan, nan
nan, nan
nan, nan
nan, nan
0.3357441144345296, 0.006364520148479316
0.3497042618015313, 0.036762955723099906
0.3510113768678009, 0.042599362721067596
0.3519356640425602, 0.049530998355205635
0.3567261625575338, 0.051532151307055574
0.35675178802204327, 0.05358379201394615
0.358413441030069, 0.058872088666290734
0.3548277343806466, 0.05470473295012554
nan, nan
nan, nan
nan, nan
nan, nan
nan, nan
nan, nan
nan, nan
nan, nan
nan, nan
nan, nan
nan, nan
nan, nan
nan, nan
0.33124371907854144, 0.0
0.33124371907854144, 0.0
0.3172446611768307, 0.061020478698331534
0.3180351049234955, 0.08156575685265285
0.3187481803633947, 0.08979785406983837
0.3198539425875171, 0.08891849102164329
0.3210653367406271, 0.08688324411589905
nan, nan
nan, nan
nan, nan
nan, nan
nan, nan
nan, nan
nan, nan
nan, nan
nan, nan
nan, nan
0.33124371907854144, 0.0
0.33124371907854144, 0.0
0.3416708849186536, 0.03612076202804183
0.34479903467068723, 0.04066594677643751
0.3496538622033339, 0.04617385526399416
0.3513991061740515, 0.049574108545470556
0.35207020220288054, 0.05124179662100642
0.3527259285436939, 0.052551042085547305
0.3539347005408081, 0.0588554854459214
0.3555952217586595, 0.060018271616405904
nan, nan
nan, nan
nan, nan
nan, nan
nan, nan
nan, nan
nan, nan
nan, nan
nan, nan
nan, nan
0.33124371907854144, 0.0
0.32376004408384385, 0.019799942928802536
0.32482914051165773, 0.01851729331164148
0.3221812556433149, 0.03917954940026499
0.32233914659626406, 0.041622782124683795
0.3217670266352403, 0.04135397446487794
0.3202283534607647, 0.04230946802553529
0.31909800300312585, 0.04318423732124413
0.3152929689378897, 0.051368467305091585
0.3207918253287058, 0.041534611232043196
nan, nan
nan, nan
nan, nan
nan, nan
nan, nan
nan, nan
nan, nan
0.24569461401202036, 0.0
0.2826746342299465, 0.1095454711100547
0.27856574309462134, 0.1039322733235721
0.33124371907854144, 0.0
0.33124371907854144, 0.0
0.3312437190785414, 5.551115123125783e-17
0.33124371907854144, 0.0
0.3313915167982264, 0.015449952622820881
0.3289810453769771, 0.020769818401723542
0.32828156569455147, 0.025773704486931732
0.32796135676548355, 0.033151381541687966
0.3296234445943249, 0.03315982123859334
0.3287298472088, 0.037309728203198056
nan, nan
nan, nan
nan, nan
nan, nan
nan, nan
nan, nan
nan, nan
nan, nan
nan, nan
nan, nan
nan, nan
nan, nan
nan, nan
0.3312437190785414, 5.551115123125783e-17
0.33124371907854144, 0.0
0.33372904729138286, 0.022229451321246197
0.3338599730691704, 0.02256309194108668
0.3334175660292181, 0.026000567562372637
0.3298391539622729, 0.02836561241049712
0.32809046900536104, 0.03602241897137519
nan, nan
nan, nan
nan, nan
nan, nan
nan, nan
nan, nan
nan, nan
nan, nan
nan, nan
nan, nan
0.33124371907854144, 0.0
0.33124371907854144, 0.0
0.3339278735484103, 0.00759193530958578
0.3371749428327059, 0.02439675759374147
0.340982167014534, 0.03257533926635868
0.3404689384241135, 0.03417437030951203
0.3424727246331792, 0.039841858692304756
0.34407058719795147, 0.04740014796324664
0.34531912694397027, 0.04771282785725438
0.3461990888347509, 0.04976326645482955
nan, nan
nan, nan
nan, nan
nan, nan
nan, nan
nan, nan
nan, nan
nan, nan
0.4654811838957453, 0.0
0.4654811838957453, 0.0
nan, nan
0.3050205281471892, 0.1973599385034176
0.29268568761009955, 0.15326862057227122
0.3064201961089879, 0.13937511169585842
0.30750541288486094, 0.13799773320806508
0.3155687877147799, 0.13966948469149817
0.31421343769836607, 0.1441821203897303
0.31592005120194216, 0.1409182968838766
0.3126840758166066, 0.1491885186726697
0.31410858704944195, 0.14960440663037133
nan, nan
nan, nan
nan, nan
nan, nan
nan, nan
nan, nan
nan, nan
nan, nan
nan, nan
nan, nan
nan, nan
nan, nan
nan, nan
0.46679687499999983, 0.0
0.4329085860196352, 0.058696238295567985
0.3886177149740647, 0.06315345446848784
0.3665952468861096, 0.05577295016832296
0.35593738977237704, 0.05659476624676079
0.35542352996689597, 0.057000450263668206
0.3542178630311381, 0.06114832480495506