nan, nan
nan, nan
nan, nan
nan, nan
nan, nan
nan, nan
nan, nan
nan, nan
nan, nan
nan, nan
nan, nan
nan, nan
nan, nan
nan, nan
nan, nan
nan, nan
nan, nan
nan, nan
nan, nan
nan, nan
nan, nan
nan, nan
nan, nan
nan, nan
nan, nan
nan, nan
nan, nan
nan, nan
nan, nan
nan, nan
nan, nan
nan, nan
nan, nan
nan, nan
nan, nan
nan, nan
nan, nan
nan, nan
nan, nan
nan, nan
nan, nan
nan, nan
nan, nan
nan, nan
nan, nan
nan, nan
nan, nan
nan, nan
nan, nan
nan, nan
nan, nan
nan, nan
nan, nan
nan, nan
nan, nan
nan, nan
nan, nan
nan, nan
nan, nan
nan, nan
nan, nan
nan, nan
nan, nan
nan, nan
nan, nan
nan, nan
nan, nan
nan, nan
nan, nan
nan, nan
nan, nan
nan, nan
nan, nan
nan, nan
nan, nan
nan, nan
nan, nan
nan, nan
nan, nan
nan, nan
nan, nan
nan, nan
nan, nan
nan, nan
nan, nan
nan, nan
nan, nan
nan, nan
nan, nan
nan, nan
nan, nan
nan, nan
nan, nan
nan, nan
nan, nan
nan, nan
nan, nan
nan, nan
nan, nan
nan, nan
nan, nan
nan, nan
nan, nan
nan, nan
nan, nan
nan, nan
nan, nan
nan, nan
nan, nan
nan, nan
nan, nan
nan, nan
nan, nan
nan, nan
nan, nan
nan, nan
nan, nan
nan, nan
nan, nan
nan, nan
nan, nan
nan, nan
nan, nan
nan, nan
nan, nan
nan, nan
nan, nan
nan, nan
nan, nan
nan, nan
nan, nan
nan, nan
nan, nan
nan, nan
nan, nan
nan, nan
nan, nan
nan, nan
nan, nan
nan, nan
nan, nan
nan, nan
nan, nan
nan, nan
nan, nan
nan, nan
nan, nan
nan, nan
nan, nan
nan, nan
nan, nan
nan, nan
nan, nan
nan, nan
nan, nan
nan, nan
nan, nan
nan, nan
nan, nan
nan, nan
nan, nan
nan, nan
nan, nan
nan, nan
nan, nan
nan, nan
nan, nan
nan, nan
nan, nan
nan, nan
nan, nan
nan, nan
nan, nan
nan, nan
nan, nan
nan, nan
nan, nan
nan, nan
nan, nan
nan, nan
nan, nan
nan, nan
nan, nan
nan, nan
nan, nan
nan, nan
nan, nan
nan, nan
nan, nan
nan, nan
nan, nan
nan, nan
nan, nan
nan, nan
nan, nan
nan, nan
nan, nan
nan, nan
nan, nan
nan, nan
nan, nan
nan, nan
nan, nan
nan, nan
nan, nan
nan, nan
nan, nan
nan, nan
nan, nan
nan, nan
nan, nan
nan, nan
nan, nan
nan, nan
nan, nan
nan, nan
nan, nan
nan, nan
nan, nan
nan, nan
nan, nan
nan, nan
nan, nan
nan, nan
nan, nan
nan, nan
nan, nan
nan, nan
nan, nan
nan, nan
nan, nan
nan, nan
nan, nan
nan, nan
nan, nan
nan, nan
nan, nan
nan, nan
nan, nan
nan, nan
nan, nan
nan, nan
nan, nan
nan, nan
nan, nan
nan, nan
nan, nan
nan, nan
nan, nan
nan, nan
nan, nan
nan, nan
nan, nan
nan, nan
nan, nan
nan, nan
nan, nan
nan, nan
nan, nan
nan, nan
nan, nan
nan, nan
nan, nan
nan, nan
nan, nan
nan, nan
nan, nan
nan, nan
nan, nan
nan, nan
nan, nan
nan, nan
nan, nan
nan, nan
nan, nan
nan, nan
nan, nan
nan, nan
nan, nan
nan, nan
nan, nan
nan, nan
nan, nan
nan, nan
nan, nan
nan, nan
nan, nan
nan, nan
nan, nan
nan, nan
nan, nan
nan, nan
nan, nan
nan, nan
nan, nan
nan, nan
nan, nan
nan, nan
nan, nan
nan, nan
nan, nan
nan, nan
nan, nan
nan, nan
nan, nan
nan, nan
nan, nan
nan, nan
nan, nan
nan, nan
nan, nan
nan, nan
nan, nan
nan, nan
nan, nan
nan, nan
nan, nan
nan, nan
nan, nan
nan, nan
nan, nan
nan, nan
nan, nan
nan, nan
nan, nan
nan, nan
nan, nan
nan, nan
nan, nan
nan, nan
nan, nan
nan, nan
nan, nan
nan, nan
nan, nan
nan, nan
nan, nan
nan, nan
nan, nan
nan, nan
nan, nan
nan, nan
nan, nan
nan, nan
nan, nan
nan, nan
nan, nan
nan, nan
nan, nan
nan, nan
nan, nan
nan, nan
nan, nan
nan, nan
nan, nan
nan, nan
nan, nan
nan, nan
nan, nan
nan, nan
nan, nan
nan, nan
nan, nan
nan, nan
nan, nan
nan, nan
nan, nan
nan, nan
nan, nan
nan, nan
nan, nan
nan, nan
nan, nan
nan, nan
nan, nan
nan, nan
nan, nan
nan, nan
nan, nan
nan, nan
nan, nan
nan, nan
nan, nan
nan, nan
nan, nan
nan, nan
nan, nan
nan, nan
nan, nan
nan, nan
nan, nan
nan, nan
nan, nan
nan, nan
nan, nan
nan, nan
nan, nan
nan, nan
nan, nan
nan, nan
nan, nan
nan, nan
nan, nan
nan, nan
nan, nan
nan, nan
nan, nan
nan, nan
nan, nan
nan, nan
nan, nan
nan, nan
nan, nan
nan, nan
nan, nan
nan, nan
nan, nan
nan, nan
nan, nan
nan, nan
nan, nan
nan, nan
nan, nan
nan, nan
nan, nan
0.4654811838957453, 0.0
0.4654811838957453, 0.0
0.4654811838957453, 0.0
0.46548118389574505, 2.220446049250313e-16
0.46548118389574533, 5.551115123125783e-17
nan, nan
nan, nan
nan, nan
nan, nan
nan, nan
nan, nan
nan, nan
nan, nan
nan, nan
0.36675608095416884, 0.0
nan, nan
nan, nan
nan, nan
nan, nan
nan, nan
nan, nan
nan, nan
nan, nan
nan, nan
0.4654811838957453, 0.0
nan, nan
nan, nan
nan, nan
nan, nan
nan, nan
nan, nan
nan, nan
nan, nan
nan, nan
nan, nan
nan, nan
nan, nan
nan, nan
nan, nan
0.4654811838957453, 0.0
0.4654811838957452, 5.551115123125783e-17
0.4654811838957453, 0.0
0.4654811838957452, 5.551115123125783e-17
0.4654811838957453, 0.0
0.4654811838957453, 0.0
nan, nan
nan, nan
nan, nan
nan, nan
nan, nan
nan, nan
nan, nan
nan, nan
nan, nan
nan, nan
nan, nan
nan, nan
nan, nan
nan, nan
nan, nan
0.4654811838957453, 0.0
0.4654811838957453, 0.0
0.4654811838957452, 5.551115123125783e-17
0.4654811838957451, 1.6653345369377348e-16
0.4654811838957453, 0.0
nan, nan
nan, nan
nan, nan
nan, nan
nan, nan
nan, nan
nan, nan
nan, nan
nan, nan
nan, nan
nan, nan
nan, nan
nan, nan
0.4654811838957453, 0.0
0.4654811838957453, 0.0
0.4654811838957453, 0.0
0.4654811838957453, 0.0
0.46548118389574517, 1.1102230246251565e-16
0.4654282618343385, 0.0005318601347527507
0.46544074906231075, 0.00046543988604432016
nan, nan
nan, nan
nan, nan
nan, nan
nan, nan
nan, nan
nan, nan
nan, nan
nan, nan
nan, nan
nan, nan
nan, nan
nan, nan
0.4654811838957453, 0.0
0.4654811838957453, 0.0
0.4654811838957453, 0.0
0.4654811838957452, 5.551115123125783e-17
0.46548118389574533, 6.352897818554914e-17
0.46548118389574533, 7.386196742845797e-17
0.46548118389574533, 7.013119560963643e-17
nan, nan
nan, nan
nan, nan
nan, nan
nan, nan
nan, nan
nan, nan
nan, nan
nan, nan
nan, nan
nan, nan
nan, nan
nan, nan
nan, nan
nan, nan
nan, nan
0.4654811838957453, 0.0
0.4654811838957452, 5.551115123125783e-17
0.4654811838957453, 0.0
0.4654811838957454, 1.1102230246251565e-16
nan, nan
nan, nan
nan, nan
nan, nan
nan, nan
nan, nan
nan, nan
nan, nan
nan, nan
nan, nan
nan, nan
nan, nan
nan, nan
0.4654811838957453, 0.0
0.4654811838957453, 0.0
0.4654811838957453, 0.0
0.4654811838957453, 0.0
0.4654811838957453, 0.0
0.4654811838957453, 0.0
0.4654811838957452, 5.551115123125783e-17
nan, nan
nan, nan
nan, nan
nan, nan
nan, nan
nan, nan
nan, nan
nan, nan
nan, nan
nan, nan
nan, nan
nan, nan
nan, nan
nan, nan
nan, nan
0.4654811838957453, 0.0
0.4654811838957453, 0.0
0.4654811838957452, 5.551115123125783e-17
0.4654811838957451, 1.6653345369377348e-16
0.4654811838957453, 0.0
nan, nan
nan, nan
nan, nan
nan, nan
nan, nan
nan, nan
nan, nan
nan, nan
nan, nan
nan, nan
nan, nan
nan, nan
nan, nan
0.4654811838957453, 0.0
0.4654811838957453, 0.0
0.4654811838957452, 5.551115123125783e-17
0.46548118389574505, 2.220446049250313e-16
0.46548118389574533, 5.551115123125783e-17
0.4654811838957452, 5.551115123125783e-17
0.4654811838957453, 0.0
nan, nan
nan, nan
nan, nan
nan, nan
nan, nan
nan, nan
0.6694471822820042, 0.0
0.6694471822820042, 0.0
0.6694471822820042, 0.0
0.6588970410431269, 0.03499085997461153
nan, nan
nan, nan
nan, nan
nan, nan
nan, nan
nan, nan
0.4654811838957453, 0.0
0.4654811838957453, 0.0
0.4654811838957453, 0.0
0.4654811838957452, 5.551115123125783e-17
nan, nan
nan, nan
0.4600831336322418, 0.0
0.4600831336322418, 0.0
0.4600831336322418, 0.0
0.45872580551963754, 0.028945565293209293
0.45955737017360443, 0.04467713401394947
0.4617456075442566, 0.04792360815673438
0.46117717331583025, 0.04759732757084675
0.46066552790797677, 0.04748214138960539
nan, nan
nan, nan
nan, nan
nan, nan
nan, nan
0.46580637208865433, 0.0
0.4658063720886544, 5.551115123125783e-17
0.4658063720886543, 5.551115123125783e-17
0.4657866637133265, 7.75919512576231e-05
0.4657900218443183, 7.106036813484493e-05
nan, nan
nan, nan
nan, nan
0.5547944827281563, 0.08840191683708815
0.5635644387125425, 0.08132913850597916
0.5554573164423285, 0.08058590327103361
0.5400527225227147, 0.0852743981930842
0.5348929730073325, 0.0851434811229287
0.5320349674660771, 0.08426731077643165
0.5260349853403463, 0.08500707628988496
nan, nan
nan, nan
nan, nan
nan, nan
0.4654811838957453, 0.0
0.4656762968114907, 0.00015930902860098497
0.46570881563078165, 0.00014901995091116415
0.46568812183668745, 0.00015643037958760987
0.46566807366178514, 0.00016076865565548774
0.46565073087057773, 0.00017863514234054678
0.6694471822820042, 0.0
0.5996591660654167, 0.09869515902461148
0.5857015628220993, 0.10256701793503024
0.5672422572687914, 0.10746008033041927
0.5583173718695185, 0.10810269341942849
0.5612845612753382, 0.10476474494920791
0.5576524203548818, 0.10255250458160532
0.5568588483409753, 0.10202554689676081
0.5548469743072441, 0.10065182283192
0.5472092741776189, 0.09826933300392494
nan, nan
nan, nan
nan, nan
0.46580637208865433, 0.0
0.4658063720886544, 5.551115123125783e-17
0.4657860478265975, 7.871552847000316e-05
0.4657784988149764, 9.103373062913427e-05
0.4657662253981718, 0.00010697416965141603
0.4657592198006826, 0.00011449903517543001
0.4657510209068827, 0.00012221210026919373
nan, nan
nan, nan
nan, nan
0.5147591938102554, 0.06181023298310695
0.5183590479472382, 0.06377531336343556
0.5131703296457567, 0.07040591371855262
0.5133347446587294, 0.06918456210125515
0.5151259110950032, 0.06733924704814524
0.5142184202177932, 0.06793768252998054
0.5151794354771765, 0.06686858358740184
nan, nan
nan, nan
nan, nan
0.46580637208865433, 0.0
0.46580637208865433, 0.0
0.46580637208865433, 0.0
0.46580637208865433, 0.0
0.46580637208865433, 0.0
0.465793364560938, 6.372361144039399e-05
0.4657866637133265, 7.75919512576231e-05
nan, nan
0.5428454874154757, 0.0
0.5428454874154759, 2.220446049250313e-16
0.5428454874154759, 2.220446049250313e-16
0.5364791525090733, 0.022053631031777182
0.5371377388787009, 0.020971607242823206
0.533398998468873, 0.03185112933671925
0.5298657149906033, 0.03990636727998917
0.5298250921210257, 0.03920804212852087
0.5297447959504876, 0.03877607444685164
0.4654811838957453, 0.0
0.4654811838957453, 0.0
0.4654811838957453, 0.0
0.4654910380834092, 5.574370336188877e-05
0.46549202350217556, 5.83730670716501e-05
0.46548640780245865, 4.088353681746761e-05
0.46548603021754714, 3.940152019929425e-05
0.4652794123147964, 0.005692550005223156
0.4654742112068604, 0.0002766744702577175
0.4654471118583184, 0.00047287330775963696
nan, nan
nan, nan
nan, nan
nan, nan
0.5428454874154757, 0.0
0.5428454874154757, 0.0
0.5428454874154757, 0.0
0.5388429288672928, 0.01698141774909809
0.5393887323056815, 0.015840841949558083
0.5379286508375964, 0.027870279231997728
nan, nan
nan, nan
nan, nan
nan, nan
0.46580637208865433, 0.0
0.4656437779921998, 0.00016259409645452694
0.46555086707994014, 0.00013343313900575382
0.45761532386533216, 0.054257775462092636
0.4574433525427999, 0.05481899708748177
0.45884065884494424, 0.049934403097994934
nan, nan
nan, nan
nan, nan
nan, nan
0.515258036154398, 0.0390145477247234
0.49914589982937774, 0.08264337243283376
0.4961869908951219, 0.09260632932194214
0.49503746152568845, 0.08555682862262223
0.49955231108778053, 0.08154770905880938
0.5005531483972304, 0.08076759391671946
nan, nan
nan, nan
nan, nan
0.46580637208865433, 0.0
0.46580637208865433, 0.0
0.46580637208865433, 0.0
0.4657792730725787, 8.987726851108685e-05
0.4657846928757936, 8.111618693932204e-05
0.4657795918845326, 8.939478089537231e-05
0.46577883599167424, 9.053273982299051e-05
nan, nan
nan, nan
nan, nan
0.44111705897558534, 0.06632402232851244
0.4757994070849186, 0.07959911055114087
0.4764685191006031, 0.0811080094202729
0.4781025117496651, 0.07835075258466255
0.47208790965719777, 0.07234814875824323
0.4725869737909615, 0.07109422070810333
0.47102869091874083, 0.06899114962519194
nan, nan
nan, nan
nan, nan
nan, nan
nan, nan
nan, nan
nan, nan
0.46580637208865433, 0.0
0.4658063720886544, 5.551115123125783e-17
0.46578469287579366, 8.111618693932204e-05
nan, nan
nan, nan
nan, nan
0.45730455543294435, 0.10613895451234336
0.4398162273660349, 0.09871802626345173
0.43809148290926087, 0.09831307994305287
0.44123433822486463, 0.10097421907430747
0.43867273929741823, 0.0990549198106809
0.4370944784817019, 0.09923488583800028
0.43680305251647644, 0.10071174451335417
nan, nan
nan, nan
nan, nan
nan, nan
0.46580637208865433, 0.0
0.46572507504042704, 0.00014081061803499764
0.46568129970676636, 0.00015820543965951175
0.4656608931602476, 0.0001616907889292338
0.4656437779922, 0.0001625940964545269
0.465630344291923, 0.00016203819271620886
nan, nan
nan, nan
0.46008313363224196, 0.0
0.4739595536808353, 0.08548905809468423
0.4833535916009902, 0.0934629210879409
0.49826333153863195, 0.09265041440573696
0.49509291695544766, 0.0892528555182892
0.49418660358367456, 0.08889388911432027
0.4944730293853612, 0.08614296093419506
0.4969357443752605, 0.08479117948769783
nan, nan
nan, nan
0.4654811838957453, 0.0
0.4654811838957453, 0.0
0.4654811838957452, 5.551115123125783e-17
0.4654966690477886, 6.92517052214247e-05
0.46549202350217544, 5.83730670716501e-05
0.4654893647307871, 5.0925287448667677e-05
0.4654897414797692, 5.205375145059398e-05
0.4654882961526983, 4.7562987575445964e-05
nan, nan
nan, nan
nan, nan
nan, nan
0.5014643105238588, 0.041381176891616855
0.4807737220780504, 0.03583715042663777
0.4876705848933198, 0.03901454772472311
0.4862186137743157, 0.038470385123576
0.4911190163009546, 0.04006715223692382
0.48652183057952997, 0.043270949189751134
nan, nan
0.4654811838957453, 0.0
0.46553538192789684, 0.00012119048413749325
0.4655679007471878, 0.00014380362961773896
0.4655604980891377, 0.00013964704775911105
0.4655389275935516, 0.00012427080954579732
0.46553404134052917, 0.00011997794581489713
0.4655250929966595, 0.00011113375740725368
0.46552478682386716, 0.00011080587556938591
0.4655066967925738, 8.743903539580136e-05
nan, nan
nan, nan
0.46008313363224196, 0.0
0.4600831336322419, 7.021666937153402e-17
0.4510830361419768, 0.029849946451828938
0.44127363381272655, 0.04625119723417008
0.4479012730825561, 0.03708173403627556
0.4504321291231742, 0.038651730816146354
0.4501197406638263, 0.03943380293285155
0.4483530305860376, 0.039261185401025925
nan, nan
nan, nan
0.46580637208865433, 0.0
0.4656979760243513, 0.0001532951842451941
0.4656670057202647, 0.00016092642061142588
0.46565233557622365, 0.00016236874070318312
0.46563578156122654, 0.0001623973438623775
0.46564272899802917, 0.00016259071256715096
0.4656345896280268, 0.00016233426676363308
0.4656235054458226, 0.0001613253360921494
nan, nan
nan, nan
0.46008313363224196, 0.0
0.4332463255284528, 0.06788695144396423
0.4367480170026902, 0.07080433746837331
0.44023826706987734, 0.07720281694324962
0.4405672668352706, 0.07555535899674581
0.43957354987559133, 0.0752554659241437
0.4382313452705569, 0.07884878746901598
0.43685321511262076, 0.0717094641374439
nan, nan
nan, nan
0.4654811838957453, 0.0
0.4655173159171796, 0.00010219678949679607
0.4655218324198589, 0.00010754588596648178
0.46551074645873697, 9.348503252607513e-05
0.465512594118924, 9.60605621169262e-05
0.4655155205372326, 9.993430565722441e-05
0.46551236091909465, 9.57412821008624e-05
0.4655103778482259, 9.29582798334991e-05
nan, nan
nan, nan
nan, nan
0.3520819637490597, 0.0
0.41564826657259957, 0.07236790354082474
0.4213396960823539, 0.0753602686605393
0.41588249255840815, 0.07279699459010118
0.4178982518208719, 0.07563979514946152
0.4186267006912838, 0.07585156870130287
0.42171122324170157, 0.08117736875134891
nan, nan
nan, nan
nan, nan
nan, nan
0.4654811838957453, 0.0
0.4654811838957453, 0.0
0.46551370271503617, 9.755645787271617e-05
0.46559296733705774, 0.0001544510198279724
0.4655927680795868, 0.00015438532643052334
0.4655876715786345, 0.00015260704622888208
nan, nan
nan, nan
0.5428454874154757, 0.0
0.47240972483095306, 0.08626583898794961
0.46644299428699526, 0.10537538294031397
0.47607828675442887, 0.10880970488149401
0.4726013739720198, 0.11641398227076481
0.474788840687528, 0.11360657365747183
0.47426458181708153, 0.10883805215995676
0.47720809100561346, 0.10236687975499523
0.46580637208865433, 0.0
0.46580637208865433, 0.0
0.46580637208865433, 0.0
0.46580637208865433, 0.0
0.4657901126790088, 7.08731235261588e-05
0.4657466436450588, 0.00012591861523920323
0.46572042949481424, 0.0001433924243076931
0.4657193736889931, 0.0001439518350984908
0.46570836455006015, 0.00014921600700202694
0.46570938613638335, 0.00014876965960394434
nan, nan
nan, nan
0.4600831336322412, 0.0
0.4600831336322412, 0.0
0.48450826826942917, 0.048850269274375684
0.48298169735460494, 0.04766716153745294
0.4958227106786924, 0.060572678740553824
0.49570390822783045, 0.06617242427964685
0.49600601613062195, 0.07131223579233505
0.4947600833465272, 0.06799141546001945
0.46580637208865433, 0.0
0.46580637208865433, 0.0
0.4657872433714244, 7.651486891977738e-05
0.46578778990620234, 7.54811819407806e-05
0.4657870156486004, 7.694032746733151e-05
0.46579230144569206, 6.616361511162519e-05
0.46579413728535685, 6.187829315037544e-05
0.4657926895559934, 6.528542234236855e-05
0.46579006738817436, 7.096656133213085e-05
0.465795083846978, 5.9526284208987364e-05
nan, nan
0.46008313363224146, 2.972137055765787e-16
0.4502648454610432, 0.031048153344875914
0.43537845872602765, 0.05792346417433689
0.44186522493963465, 0.06617015841548561
0.4418194549246388, 0.06866436466390163
0.44369353399646694, 0.06904253332441918
0.44691677210466646, 0.06597130888013539
0.4542415009902818, 0.0676501599251417
0.45829343191411115, 0.06860806555305808
0.46580637208865433, 0.0
0.46580637208865433, 0.0
0.4657792730725787, 8.987726851108685e-05
0.46578724337142435, 7.651486891977739e-05
0.46578654354030635, 7.781284261443755e-05
0.4657846928757939, 8.111618693932205e-05
0.46578232859934504, 8.509153578099765e-05
0.4657887262177214, 7.366717125042137e-05
0.4657871943234316, 7.660676300371618e-05
0.46579003097343286, 7.104157713855721e-05
nan, nan
nan, nan
0.5298711498488292, 0.09869515902461147
0.4733817008968812, 0.08047520002667435
0.4672713107407081, 0.08689371930179056
0.46923182382673073, 0.08663230356228661
0.47121277524071464, 0.08580000973997848
0.47693861181822944, 0.08544179062082496
0.4737866826202267, 0.08451299782932782
0.47224459094839594, 0.08266681431570175
nan, nan
0.46580637208865433, 0.0
0.46580637208865433, 0.0
0.46580637208865433, 0.0
0.46580637208865433, 0.0
0.46580637208865433, 0.0
0.46580637208865433, 0.0
0.4658063720886544, 5.551115123125783e-17
0.4658055404052966, 1.642443030961901e-05
0.46580393012475274, 2.8073735779980644e-05
nan, nan
nan, nan
0.4600831336322412, 0.0
0.4598313166859324, 0.05402232982144006
0.4624191778074162, 0.05774291164713316
0.4598254377036644, 0.06361528128220142
0.4605314038769695, 0.06848398268388449
0.45925553389938045, 0.07046942105022093
0.4611408472332838, 0.07260301388671071
0.4618303096426327, 0.07496287631454546