nan, nan
nan, nan
nan, nan
nan, nan
nan, nan
nan, nan
nan, nan
nan, nan
nan, nan
nan, nan
nan, nan
nan, nan
nan, nan
nan, nan
nan, nan
nan, nan
nan, nan
nan, nan
nan, nan
nan, nan
nan, nan
nan, nan
nan, nan
nan, nan
nan, nan
nan, nan
nan, nan
nan, nan
nan, nan
nan, nan
nan, nan
nan, nan
nan, nan
nan, nan
nan, nan
nan, nan
nan, nan
nan, nan
nan, nan
nan, nan
nan, nan
nan, nan
nan, nan
nan, nan
nan, nan
nan, nan
nan, nan
nan, nan
nan, nan
nan, nan
nan, nan
nan, nan
nan, nan
nan, nan
nan, nan
nan, nan
nan, nan
nan, nan
nan, nan
nan, nan
nan, nan
nan, nan
nan, nan
nan, nan
nan, nan
nan, nan
nan, nan
nan, nan
nan, nan
nan, nan
nan, nan
nan, nan
nan, nan
nan, nan
nan, nan
nan, nan
nan, nan
nan, nan
nan, nan
nan, nan
nan, nan
nan, nan
nan, nan
nan, nan
nan, nan
nan, nan
nan, nan
nan, nan
nan, nan
nan, nan
nan, nan
nan, nan
nan, nan
nan, nan
nan, nan
nan, nan
nan, nan
nan, nan
nan, nan
nan, nan
nan, nan
nan, nan
nan, nan
nan, nan
nan, nan
nan, nan
nan, nan
nan, nan
nan, nan
nan, nan
nan, nan
nan, nan
nan, nan
nan, nan
nan, nan
nan, nan
nan, nan
nan, nan
nan, nan
nan, nan
nan, nan
nan, nan
nan, nan
nan, nan
nan, nan
nan, nan
nan, nan
nan, nan
nan, nan
nan, nan
nan, nan
nan, nan
nan, nan
nan, nan
nan, nan
nan, nan
nan, nan
nan, nan
nan, nan
nan, nan
nan, nan
nan, nan
nan, nan
nan, nan
nan, nan
nan, nan
nan, nan
nan, nan
nan, nan
nan, nan
nan, nan
nan, nan
nan, nan
nan, nan
nan, nan
nan, nan
nan, nan
nan, nan
nan, nan
nan, nan
nan, nan
nan, nan
nan, nan
nan, nan
nan, nan
nan, nan
nan, nan
nan, nan
nan, nan
nan, nan
nan, nan
nan, nan
nan, nan
nan, nan
nan, nan
nan, nan
nan, nan
nan, nan
nan, nan
nan, nan
nan, nan
nan, nan
nan, nan
nan, nan
nan, nan
nan, nan
nan, nan
nan, nan
nan, nan
nan, nan
nan, nan
nan, nan
nan, nan
nan, nan
nan, nan
nan, nan
nan, nan
nan, nan
nan, nan
nan, nan
nan, nan
nan, nan
nan, nan
nan, nan
nan, nan
nan, nan
nan, nan
nan, nan
nan, nan
nan, nan
nan, nan
nan, nan
nan, nan
nan, nan
nan, nan
nan, nan
nan, nan
nan, nan
nan, nan
nan, nan
nan, nan
nan, nan
nan, nan
nan, nan
nan, nan
nan, nan
nan, nan
nan, nan
nan, nan
nan, nan
nan, nan
nan, nan
nan, nan
nan, nan
nan, nan
nan, nan
nan, nan
0.05126256104432766, 0.0
0.11370076337885535, 0.12487640466905539
0.12720101359750943, 0.11784033919558859
nan, nan
nan, nan
nan, nan
nan, nan
nan, nan
nan, nan
nan, nan
0.08551532562680961, 0.06026521611330668
0.05538271757015627, 0.05219120811868288
0.05669283096392381, 0.052925986760678154
nan, nan
nan, nan
nan, nan
nan, nan
nan, nan
nan, nan
0.2909814020305102, 0.0
0.23105169178396445, 0.10380130302989836
0.23553198371029746, 0.10738956596351315
0.24079682435789662, 0.10423124159095644
nan, nan
nan, nan
nan, nan
nan, nan
nan, nan
nan, nan
0.025250109513502924, 0.0
0.025250109513502924, 0.0
0.025250109513502924, 0.0
0.02525010951350292, 3.469446951953614e-18
nan, nan
nan, nan
nan, nan
nan, nan
0.17112198153741892, 0.11985942049309127
0.21107512170178266, 0.1130045453596729
0.2127016179020897, 0.1148184061830643
0.2174939708191263, 0.1159379397713841
0.2283370595064153, 0.11454141186307844
0.23198173894772242, 0.11501136583969418
nan, nan
nan, nan
nan, nan
nan, nan
nan, nan
nan, nan
nan, nan
nan, nan
nan, nan
nan, nan
nan, nan
nan, nan
nan, nan
nan, nan
0.2909814020305102, 0.0
0.2909814020305102, 0.0
0.2909814020305103, 1.1102230246251565e-16
0.2923484352470859, 0.010447788353311059
0.2919609420848486, 0.00845324654290199
0.29196168057517763, 0.009959768091867825
nan, nan
nan, nan
nan, nan
nan, nan
nan, nan
nan, nan
nan, nan
nan, nan
nan, nan
0.1457805417401163, 0.0
0.2909814020305102, 0.0
0.29098140203051026, 5.551115123125783e-17
0.2909814020305102, 0.0
0.2939180596950011, 0.024214191871460258
0.2941367469678888, 0.025085846800476496
0.2946746538308241, 0.0277044632666325
0.2957981232411203, 0.031784468293239075
0.29593871239902314, 0.030673360850140552
0.2991282564581437, 0.040022719955236416
0.2978835135244584, 0.03617026649664209
nan, nan
nan, nan
nan, nan
nan, nan
nan, nan
nan, nan
nan, nan
nan, nan
nan, nan
nan, nan
0.2909814020305102, 0.0
0.2909814020305102, 0.0
0.29098140203051026, 5.551115123125783e-17
0.29560166792126796, 0.031014762790983655
0.2949865539881678, 0.03015067117530275
0.294655375672157, 0.028420444867877984
0.29303082993489094, 0.019538200634210707
0.29519989135729763, 0.027490217711013797
0.2949876774131537, 0.027295103810231473
0.295957881637994, 0.03038637109957476
nan, nan
nan, nan
nan, nan
nan, nan
nan, nan
nan, nan
nan, nan
nan, nan
nan, nan
nan, nan
nan, nan
nan, nan
0.05126256104432766, 0.0
0.11119227129087329, 0.10380130302989819
0.09920632924156417, 0.09588753639447302
0.12005546867396234, 0.1205012222044369
0.14556736443522347, 0.1324145026591139
0.15406221326472977, 0.13506966665664685
0.15985002364079526, 0.13726030222323257
0.16036176123964563, 0.14187111674740904
nan, nan
nan, nan
nan, nan
nan, nan
nan, nan
nan, nan
nan, nan
nan, nan
nan, nan
nan, nan
0.05126256104432766, 0.0
0.05126256104432766, 0.0
0.11046022916272695, 0.10698504920524804
0.10608075147969094, 0.09776968632927178
0.12177749557640538, 0.110822920209252
0.12263819866199903, 0.11196505720861458
0.12031206623344921, 0.11060839342830713
0.12263053572780044, 0.11272344735936295
0.12318623513049783, 0.11537786555380823
0.12354632890587135, 0.11521962496613813
nan, nan
nan, nan
nan, nan
nan, nan
nan, nan
nan, nan
nan, nan
0.1457805417401163, 0.0
0.17484423648153713, 0.09190747260274826
0.17170221542841052, 0.08726535714184602
nan, nan
0.05126256104432766, 0.0
0.121257850552881, 0.12123539771930719
0.1445896137223988, 0.13198438363363646
0.15625549530715768, 0.13554529528979692
0.16955183435915092, 0.13837784741063816
0.1620411782331693, 0.13762213828449482
0.1529527911975733, 0.1355109745332723
0.14734821440535142, 0.1341880985185724
0.1468442865666801, 0.1351549464728858
nan, nan
nan, nan
nan, nan
nan, nan
nan, nan
nan, nan
nan, nan
nan, nan
nan, nan
0.4654811838957453, 0.0
0.33124371907854105, 0.0
0.30324560327511974, 0.08399434741026403
0.29830475930981004, 0.09020705643044556
0.29576324540167565, 0.0971806157497451
0.2960545931790704, 0.09966245636222851
0.2989775989444708, 0.09360397165851975
0.29892915725673974, 0.09429665801944923
0.29162836970182243, 0.09704561003975042
0.29987218510549485, 0.08759698234379942
0.29435790526677796, 0.09533212189065159
nan, nan
nan, nan
nan, nan
nan, nan
nan, nan
nan, nan
nan, nan
nan, nan
nan, nan
0.1457805417401163, 0.0
nan, nan
0.33124371907854105, 0.0
0.33124371907854105, 0.0
0.3328542117604624, 0.006025911839656337
0.32671019762787373, 0.03844194526004193
0.32587454958771234, 0.03791695669984596
0.32537765124125995, 0.04225558528183594
0.3241906363006827, 0.04728900666402115
0.3213865621928089, 0.057071228827064044
0.321537684668529, 0.05473065481413262
nan, nan
nan, nan
nan, nan
nan, nan
nan, nan
nan, nan
nan, nan
nan, nan
nan, nan
nan, nan
nan, nan
nan, nan
0.33124371907854105, 0.0
0.33124371907854105, 0.0
0.32941361375817607, 0.008386596160314196
0.3280419992502844, 0.01164775407059068
0.3271291115085921, 0.012864801937596603
0.3260724295262753, 0.02073731104961933
0.3255338487415798, 0.02056001035940332
0.32445416542652755, 0.019925620686444333
nan, nan
nan, nan
nan, nan
nan, nan
nan, nan
nan, nan
nan, nan
nan, nan
nan, nan
nan, nan
nan, nan
nan, nan
nan, nan
0.17112198153741892, 0.11985942049309127
0.15520256084840683, 0.12793510369056488
0.15788671531827556, 0.1311379392712662
0.203403148378859, 0.13863003384753825
0.2124851905844029, 0.1367577022460958
0.21492128224229387, 0.13637087172459564
0.21055560394028966, 0.13930492526058888
nan, nan
nan, nan
nan, nan
nan, nan
nan, nan
nan, nan
nan, nan
nan, nan
nan, nan
nan, nan
nan, nan
nan, nan
nan, nan
nan, nan
nan, nan
0.2909814020305102, 0.0
0.2909814020305102, 0.0
0.2909814020305102, 0.0
0.2909814020305102, 0.0
0.2964222556856496, 0.013764391972713994
nan, nan
nan, nan
nan, nan
nan, nan
nan, nan
nan, nan
nan, nan
nan, nan
nan, nan
nan, nan
nan, nan
nan, nan
nan, nan
0.5325553043186985, 0.0
0.3600025169699926, 0.10913196492651953
0.33490392971927174, 0.09317375152673148
0.32642875211454975, 0.08488359507231083
0.3234390246001396, 0.08162597935633358
0.32487129801548503, 0.08352271494079881
0.320754717746399, 0.07872378629098416
nan, nan
nan, nan
nan, nan
nan, nan
nan, nan
nan, nan
0.16447893058003887, 0.01322175754597212
0.16136253244005178, 0.013936956171930113
0.15550883646616062, 0.023601098622792718
0.1510027423859132, 0.02709348043285693
0.2909814020305102, 0.0
0.2909814020305102, 0.0
0.2909814020305102, 0.0
0.2933239368405775, 0.012058935998420025
0.2954280953490413, 0.01604952107923068
0.2959397922054962, 0.020908174201158102
0.29643045003397717, 0.022484920931823273
0.29689952662756813, 0.025558575341177357
0.2951699126775463, 0.02100285238010824
0.29753489537021754, 0.024953556903318727
nan, nan
nan, nan
nan, nan
nan, nan
nan, nan
nan, nan
nan, nan
nan, nan
nan, nan
nan, nan
nan, nan
nan, nan
0.2909814020305102, 0.0
0.3105164545826757, 0.05525347252188716
0.3154549698667355, 0.05728659419805885
0.3234977260690968, 0.06173542617747004
0.32601427533065086, 0.06223685819684249
0.32396045173514637, 0.06029320896855839
0.3241868648704049, 0.061729443086148306
0.3245172793484278, 0.061666812136133634
nan, nan
nan, nan
nan, nan
nan, nan
nan, nan
nan, nan
nan, nan
nan, nan
nan, nan
0.1457805417401163, 0.0
0.2909814020305102, 0.0
0.2909814020305102, 0.0
0.2909814020305102, 0.0
0.29853058647701614, 0.04203208012968614
0.30474149132471934, 0.052474708422320326
0.3044683882672553, 0.05016959349540531
0.30536793288781444, 0.05157141319224861
0.3046837307143043, 0.051029143804658526
0.3051807994011448, 0.052656717395143826
0.30211240837002207, 0.045251885012141876
nan, nan
nan, nan
nan, nan
nan, nan
nan, nan
nan, nan
nan, nan
nan, nan
nan, nan
0.1457805417401163, 0.0
nan, nan
0.2909814020305102, 0.0
0.29098140203051026, 5.551115123125783e-17
0.2909814020305102, 0.0
0.2909814020305102, 0.0
0.29106911949684583, 0.0018772357567318839
0.29098140203051015, 5.551115123125783e-17
0.29098140203051015, 5.551115123125783e-17
0.29150774424394993, 0.010596898184880216
0.2915031387495823, 0.01055054876765931
nan, nan
nan, nan
nan, nan
nan, nan
nan, nan
nan, nan
nan, nan
nan, nan
0.15980433337005823, 0.01402379162994194
0.15980433337005823, 0.01402379162994194
0.2909814020305102, 0.0
0.2909814020305102, 0.0
0.29820797175707997, 0.038544777607054166
0.2981047350467003, 0.03685550560550562
0.29903057619677037, 0.038893772605425085
0.3000819638856737, 0.0420502115916234
0.3004225785635234, 0.0416478054645639
0.2986267179749652, 0.03362023452909475
0.30053922057514765, 0.03773530398568533
0.2976325540270954, 0.0299689915556057