nan, nan
nan, nan
nan, nan
nan, nan
nan, nan
nan, nan
nan, nan
nan, nan
nan, nan
nan, nan
nan, nan
nan, nan
nan, nan
nan, nan
nan, nan
nan, nan
nan, nan
nan, nan
nan, nan
nan, nan
nan, nan
nan, nan
nan, nan
nan, nan
nan, nan
nan, nan
nan, nan
nan, nan
nan, nan
nan, nan
nan, nan
nan, nan
nan, nan
nan, nan
nan, nan
nan, nan
nan, nan
nan, nan
nan, nan
nan, nan
nan, nan
nan, nan
nan, nan
nan, nan
nan, nan
nan, nan
nan, nan
nan, nan
nan, nan
nan, nan
nan, nan
nan, nan
nan, nan
nan, nan
nan, nan
nan, nan
nan, nan
nan, nan
nan, nan
nan, nan
nan, nan
nan, nan
nan, nan
nan, nan
nan, nan
nan, nan
nan, nan
nan, nan
nan, nan
nan, nan
nan, nan
nan, nan
nan, nan
nan, nan
nan, nan
nan, nan
nan, nan
nan, nan
nan, nan
nan, nan
nan, nan
nan, nan
nan, nan
nan, nan
nan, nan
nan, nan
nan, nan
nan, nan
nan, nan
nan, nan
nan, nan
nan, nan
nan, nan
nan, nan
nan, nan
nan, nan
0.27484447, 0.0940111
0.25589785, 0.07970336
0.26864406, 0.08103475
0.27138814, 0.080767244
nan, nan
nan, nan
nan, nan
nan, nan
nan, nan
nan, nan
nan, nan
nan, nan
nan, nan
nan, nan
nan, nan
nan, nan
nan, nan
nan, nan
0.27145913, 0.06694075
0.2428419, 0.11258698
0.2450708, 0.10482822
0.2511685, 0.09739446
0.25550255, 0.09517868
0.26153487, 0.089209795
nan, nan
nan, nan
nan, nan
nan, nan
nan, nan
nan, nan
nan, nan
nan, nan
nan, nan
nan, nan
nan, nan
nan, nan
nan, nan
nan, nan
0.26156983, 0.044546686
0.26590818, 0.054070506
0.26576164, 0.054683663
0.26283193, 0.05665617
0.2639462, 0.05647782
0.26395702, 0.0568943
nan, nan
nan, nan
nan, nan
nan, nan
nan, nan
nan, nan
nan, nan
nan, nan
nan, nan
nan, nan
nan, nan
nan, nan
nan, nan
0.19857131, 0.0
0.19857131, 8.380961e-17
0.19857131, 8.964041e-17
0.20194604, 0.021870732
0.20359813, 0.024573231
0.20464808, 0.026984423
0.20620652, 0.030535527
nan, nan
nan, nan
nan, nan
nan, nan
nan, nan
nan, nan
nan, nan
nan, nan
nan, nan
nan, nan
0.19857131, 9.4895695e-17
0.19857131, 9.220034e-17
0.203827, 0.02679885
0.2041774, 0.028701162
0.2067629, 0.0344366
0.20607544, 0.033528555
0.20434237, 0.029618112
0.20451692, 0.029928517
0.20804565, 0.036663696
0.2047907, 0.029190855
nan, nan
nan, nan
nan, nan
nan, nan
nan, nan
nan, nan
nan, nan
nan, nan
nan, nan
nan, nan
nan, nan
nan, nan
nan, nan
nan, nan
nan, nan
0.19857131, 0.0
0.19857131, 9.220034e-17
0.19857131, 9.451535e-17
0.200719, 0.014083261
0.20009547, 0.011904053
nan, nan
nan, nan
nan, nan
nan, nan
nan, nan
nan, nan
nan, nan
nan, nan
nan, nan
nan, nan
nan, nan
nan, nan
nan, nan
0.19857131, 0.0
0.19857131, 0.0
0.19284704, 0.05413509
0.19268349, 0.054894235
0.19427855, 0.052436896
0.19462347, 0.05348034
0.19525686, 0.054969493
nan, nan
nan, nan
nan, nan
nan, nan
nan, nan
nan, nan
nan, nan
0.1409746, 0.0
0.1409746, 0.0
0.1409746, 0.0
0.19857131, 0.0
0.19857131, 0.0
0.22219576, 0.04091874
0.23089951, 0.044831134
0.2305281, 0.0450497
0.23409542, 0.047684982
0.23399177, 0.048543237
0.23194909, 0.045987304
0.2290218, 0.04499439
0.22829068, 0.044959825
nan, nan
nan, nan
nan, nan
nan, nan
nan, nan
nan, nan
nan, nan
0.1409746, 0.0
0.1409746, 0.0
0.1409746, 2.6840557e-17
nan, nan
nan, nan
nan, nan
nan, nan
0.24316356, 0.050046787
0.24553967, 0.051673688
0.23246245, 0.047103316
0.23392814, 0.050977115
0.23557001, 0.052684978
0.23541145, 0.052412648
nan, nan
nan, nan
nan, nan
nan, nan
nan, nan
0.1409746, 0.0
0.1409746, 0.0
0.1409746, 0.0
0.1409746, 0.0
0.1409746, 2.6840557e-17
nan, nan
0.34047484, 0.0
0.30499896, 0.06144604
0.29317367, 0.06689398
0.28834704, 0.06840917
0.28220984, 0.06980832
0.28298298, 0.07010964
0.28367126, 0.070088536
0.2800235, 0.07081984
0.27793106, 0.07082386
nan, nan
nan, nan
nan, nan
nan, nan
nan, nan
nan, nan
0.1409746, 0.0
0.1409746, 2.6840557e-17
0.1409746, 0.0
0.1409746, 0.0
nan, nan
0.34047484, 0.0
0.34047484, 0.0
0.27965906, 0.07022405
0.27232382, 0.07193989
0.26629224, 0.072214745
0.25889918, 0.07612029
0.2572641, 0.075399615
0.26027933, 0.074906535
0.25779384, 0.07334234
nan, nan
nan, nan
nan, nan
nan, nan
nan, nan
nan, nan
nan, nan
nan, nan
nan, nan
nan, nan
nan, nan
nan, nan
nan, nan
nan, nan
nan, nan
nan, nan
nan, nan
0.19857131, 0.0
0.19857131, 0.0
0.19857131, 0.0
nan, nan
nan, nan
nan, nan
nan, nan
nan, nan
nan, nan
nan, nan
nan, nan
nan, nan
nan, nan
nan, nan
nan, nan
nan, nan
0.44491556, 0.0
0.44491556, 0.0
0.44491556, 0.0
0.43688166, 0.027830243
0.43049598, 0.038546875
0.42773366, 0.041981373
0.42867398, 0.04152047
nan, nan
nan, nan
nan, nan
nan, nan
nan, nan
nan, nan
nan, nan
0.1409746, 0.0
0.1409746, 0.0
0.1409746, 0.0
nan, nan
nan, nan
0.34047484, 0.0
0.34047484, 0.0
0.3558986, 0.04820667
0.37028557, 0.06434993
0.37319273, 0.06664643
0.37320006, 0.06729463
0.36560684, 0.06215357
0.36688966, 0.06369709
nan, nan
nan, nan
nan, nan
nan, nan
nan, nan
nan, nan
nan, nan
nan, nan
nan, nan
0.1409746, 0.0
nan, nan
0.34047484, 0.0
0.34047484, 0.0
0.34047484, 0.0
0.34047484, 5.3681113e-17
0.34338135, 0.020279733
0.34297237, 0.01674837
0.34287938, 0.016649483
0.34180748, 0.014752401
0.34073392, 0.015454946
nan, nan
nan, nan
nan, nan
nan, nan
nan, nan
nan, nan
nan, nan
nan, nan
nan, nan
nan, nan
nan, nan
nan, nan
0.37122062, 0.06874963
0.36007106, 0.07373215
0.3572453, 0.072020985
0.3588214, 0.07019066
0.35507685, 0.073624566
0.35181627, 0.070039466
0.35071456, 0.06188538
0.35466024, 0.06453164
nan, nan
nan, nan
nan, nan
nan, nan
nan, nan
nan, nan
nan, nan
0.45013565, 0.0
0.45013565, 0.0
0.45013565, 0.0
nan, nan
0.5249495, 0.0
0.48805457, 0.07378985
0.46730116, 0.085506275
0.46954373, 0.08281444
0.46797845, 0.08707311
0.4679465, 0.086764485
0.46719152, 0.08791889
0.46522474, 0.0876
0.46576887, 0.086456746
nan, nan
nan, nan
nan, nan
0.45013565, 0.0
0.45019853, 0.00012578708
0.45024046, 0.0001482415
0.45023674, 0.00014686424
0.4502272, 0.00014285876
0.4498345, 0.0077151177
0.45020223, 0.0001284786
nan, nan
0.5249495, 0.0
0.5249495, 1.8595683e-16
0.5249495, 2.0928751e-16
0.5249495, 1.903329e-16
0.5223848, 0.019711783
0.52093416, 0.024517167
0.52087814, 0.027265886
0.52122784, 0.025303522
0.51924664, 0.03039361
nan, nan
nan, nan
nan, nan
nan, nan
0.45013565, 0.0
0.45013565, 0.0
0.45013565, 0.0
0.45013565, 5.3681113e-17
0.4501429, 4.7128244e-05
0.450144, 5.0553892e-05
nan, nan
0.5249495, 2.1472445e-16
0.51605684, 0.025152236
0.5166701, 0.024373809
0.5148303, 0.026598552
0.51329863, 0.029463181
0.51270485, 0.029969096
0.51056427, 0.034336973
0.509188, 0.036359884
0.5110639, 0.03712679
nan, nan
nan, nan
0.45013565, 0.0
0.45013565, 0.0
0.45017496, 0.00010400042
0.45019284, 0.0001212885
0.4501826, 0.000112056914
0.4501655, 9.2206625e-05
0.45015565, 7.676283e-05
0.45015195, 6.970185e-05
0.44491556, 0.0
0.44491556, 0.0
0.43795285, 0.026052086
0.43266737, 0.04120621
0.4353963, 0.044054743
0.43635225, 0.04230352
0.43954965, 0.042666137
0.4384949, 0.046742093
0.43468294, 0.048642356
0.4377019, 0.042338654