nan, nan
nan, nan
nan, nan
nan, nan
nan, nan
nan, nan
nan, nan
nan, nan
nan, nan
nan, nan
nan, nan
nan, nan
nan, nan
nan, nan
nan, nan
nan, nan
nan, nan
nan, nan
nan, nan
nan, nan
nan, nan
nan, nan
nan, nan
nan, nan
nan, nan
nan, nan
nan, nan
nan, nan
nan, nan
nan, nan
nan, nan
nan, nan
nan, nan
nan, nan
nan, nan
nan, nan
nan, nan
nan, nan
nan, nan
nan, nan
nan, nan
nan, nan
nan, nan
nan, nan
nan, nan
nan, nan
nan, nan
nan, nan
nan, nan
nan, nan
nan, nan
nan, nan
nan, nan
nan, nan
nan, nan
nan, nan
nan, nan
nan, nan
nan, nan
nan, nan
nan, nan
nan, nan
nan, nan
nan, nan
nan, nan
nan, nan
nan, nan
nan, nan
nan, nan
nan, nan
nan, nan
nan, nan
nan, nan
nan, nan
nan, nan
nan, nan
nan, nan
nan, nan
nan, nan
nan, nan
nan, nan
nan, nan
nan, nan
nan, nan
nan, nan
nan, nan
nan, nan
nan, nan
nan, nan
nan, nan
nan, nan
nan, nan
nan, nan
nan, nan
nan, nan
nan, nan
nan, nan
nan, nan
nan, nan
nan, nan
nan, nan
nan, nan
nan, nan
nan, nan
nan, nan
nan, nan
nan, nan
nan, nan
nan, nan
nan, nan
nan, nan
nan, nan
nan, nan
nan, nan
nan, nan
nan, nan
nan, nan
nan, nan
nan, nan
nan, nan
nan, nan
nan, nan
nan, nan
nan, nan
nan, nan
nan, nan
nan, nan
nan, nan
nan, nan
nan, nan
nan, nan
nan, nan
nan, nan
nan, nan
nan, nan
nan, nan
nan, nan
nan, nan
nan, nan
nan, nan
nan, nan
nan, nan
nan, nan
nan, nan
nan, nan
nan, nan
nan, nan
nan, nan
nan, nan
nan, nan
nan, nan
nan, nan
nan, nan
nan, nan
nan, nan
nan, nan
nan, nan
nan, nan
nan, nan
nan, nan
nan, nan
nan, nan
nan, nan
nan, nan
nan, nan
nan, nan
nan, nan
0.1457805417401159, 0.0
0.1457805417401159, 0.0
0.14578054174011593, 2.7755575615628914e-17
nan, nan
nan, nan
nan, nan
nan, nan
nan, nan
nan, nan
nan, nan
nan, nan
nan, nan
nan, nan
nan, nan
nan, nan
nan, nan
nan, nan
nan, nan
nan, nan
nan, nan
nan, nan
nan, nan
nan, nan
nan, nan
nan, nan
nan, nan
nan, nan
nan, nan
nan, nan
0.4600831336322418, 0.0
0.4600831336322418, 0.0
0.4600831336322418, 0.0
0.4608729855578604, 0.0021630985837509087
nan, nan
nan, nan
nan, nan
nan, nan
nan, nan
0.1457805417401159, 0.0
0.1457805417401159, 0.0
0.07610653393129768, 0.07789790886268437
0.04780146825896527, 0.07589426397386582
0.036841097327175526, 0.07218209457760152
nan, nan
nan, nan
nan, nan
nan, nan
nan, nan
nan, nan
nan, nan
nan, nan
nan, nan
nan, nan
nan, nan
0.1457805417401159, 0.0
0.1457805417401159, 0.0
0.1457805417401159, 0.0
0.14578054174011595, 5.551115123125783e-17
0.1457805417401159, 0.0
0.1457805417401159, 0.0
0.1457805417401159, 0.0
0.1457805417401159, 0.0
0.1458683783217632, 0.002525969955763451
nan, nan
nan, nan
nan, nan
nan, nan
nan, nan
nan, nan
nan, nan
nan, nan
nan, nan
nan, nan
nan, nan
nan, nan
nan, nan
nan, nan
0.1457805417401159, 0.0
0.1457805417401159, 0.0
0.1457805417401159, 0.0
0.1457805417401159, 0.0
0.1458684757262863, 0.001789191932817327
0.1457805417401159, 0.0
nan, nan
nan, nan
nan, nan
nan, nan
nan, nan
nan, nan
nan, nan
nan, nan
nan, nan
nan, nan
nan, nan
nan, nan
0.1457805417401159, 0.0
0.1457805417401159, 0.0
0.14578054174011595, 5.551115123125783e-17
0.1457805417401159, 0.0
0.14590858596559209, 0.002157839642905165
0.14598177169861024, 0.0029472494215643454
0.14607786762618644, 0.0035284060373987837
0.14595986657677787, 0.002551837162002564
nan, nan
nan, nan
nan, nan
nan, nan
nan, nan
nan, nan
nan, nan
nan, nan
nan, nan
0.3814301981592779, 0.0
nan, nan
nan, nan
nan, nan
nan, nan
nan, nan
nan, nan
0.1457805417401159, 0.0
0.1457805417401159, 0.0
0.14578054174011593, 2.7755575615628914e-17
0.1457805417401159, 0.0
nan, nan
nan, nan
nan, nan
nan, nan
nan, nan
nan, nan
nan, nan
nan, nan
nan, nan
nan, nan
nan, nan
nan, nan
nan, nan
nan, nan
nan, nan
nan, nan
nan, nan
nan, nan
nan, nan
0.20534079169797162, 0.0
nan, nan
nan, nan
nan, nan
nan, nan
nan, nan
nan, nan
nan, nan
nan, nan
nan, nan
nan, nan
nan, nan
nan, nan
nan, nan
nan, nan
0.1457805417401159, 0.0
0.1457805417401159, 0.0
0.14991849085808276, 0.014599528377462671
0.1492363103450484, 0.013538664827454019
0.14899083963339843, 0.013109101265708776
0.1492419377730493, 0.01349218390046646
nan, nan
nan, nan
nan, nan
nan, nan
nan, nan
nan, nan
nan, nan
nan, nan
nan, nan
nan, nan
nan, nan
nan, nan
nan, nan
nan, nan
0.20534079169797162, 0.0
0.20534079169797162, 0.0
0.20183724758280364, 0.014014176460671933
0.2013028086499814, 0.014973241885711495
0.20029404178561597, 0.017010634112724295
0.20031858984837383, 0.01715031662394875
nan, nan
nan, nan
nan, nan
nan, nan
nan, nan
nan, nan
nan, nan
nan, nan
0.1869981451915838, 0.0
0.1869981451915838, 0.0
nan, nan
nan, nan
0.20534079169797162, 0.0
0.20534079169797162, 0.0
0.1987898465171194, 0.023619768752316497
0.19881080954169802, 0.025745549406884224
0.19900226769813162, 0.025214173762060907
0.19941637364236842, 0.02491507555397803
0.20003391252754166, 0.024682538378232186
0.19999691112122214, 0.02583366680039605
nan, nan
nan, nan
nan, nan
nan, nan
nan, nan
nan, nan
nan, nan
nan, nan
nan, nan
nan, nan
nan, nan
0.24569461401202056, 0.0
0.24569461401202056, 0.0
0.24569461401202056, 0.0
0.23046667336852392, 0.032212345754302305
0.22768807721791076, 0.03273736068261657
0.22486392097363617, 0.036049119899969305
0.22491368982611343, 0.03561641793273367
0.22322005830648822, 0.03691890389047598
0.22602578336301787, 0.0351396455610045
nan, nan
nan, nan
nan, nan
nan, nan
nan, nan
nan, nan
nan, nan
nan, nan
nan, nan
nan, nan
nan, nan
nan, nan
nan, nan
nan, nan
0.24569461401202056, 0.0
0.2337168658433504, 0.02678305912252003
0.2337168658433504, 0.026783059122520027
0.22915708493716705, 0.03313588099092167
0.23003591087831085, 0.03139543055660752
0.22921019983137778, 0.03212605358321451
nan, nan
nan, nan
nan, nan
nan, nan
nan, nan
nan, nan
nan, nan
nan, nan
nan, nan
nan, nan
0.11362755916604016, 0.0
0.11362755916604016, 0.0
0.15136100340774883, 0.05966181388338228
0.15046570756636574, 0.057912426204736585
0.15592354405135417, 0.05982684299163181
0.15584124052120238, 0.059599057576121786
0.15589743651860596, 0.05983255422640886
0.16028565153669216, 0.061317230447751704
0.16096800856944385, 0.061810491562381144
0.15598592200306838, 0.060071458906572894
nan, nan
nan, nan
nan, nan
nan, nan
nan, nan
nan, nan
nan, nan
nan, nan
nan, nan
nan, nan
0.11362755916604002, 2.586076513153599e-16
0.12916485973615535, 0.04255065002495031
0.13140581654915276, 0.04507610960698926
0.13293381856246536, 0.04644119444398497
0.13307615402158698, 0.04649287525636205
0.13118416843231465, 0.044438022013112366
0.13145239658383992, 0.04467650911465441
0.13169417233459194, 0.044558522346110796
0.13057066688978142, 0.04327599659840263
0.13174542635564943, 0.04444042992159554
nan, nan
nan, nan
nan, nan
nan, nan
nan, nan
nan, nan
nan, nan
nan, nan
nan, nan
nan, nan
nan, nan
nan, nan
nan, nan
nan, nan
nan, nan
nan, nan
0.2255177028549961, 0.02017691115702447
0.229553085086401, 0.019769254768071565
0.22175263330894832, 0.03210017578143583
0.22049602749996897, 0.034294889881750425
nan, nan
nan, nan
nan, nan
nan, nan
nan, nan
nan, nan
nan, nan
0.3520819637490599, 0.0
0.3520819637490599, 0.0
0.3520819637490599, 0.0
nan, nan
0.24569461401202056, 0.0
0.2052448160160355, 0.057870123138027134
0.20317045085689087, 0.059433798098278805
0.20715598233048135, 0.05795252199711165
0.2061292262536999, 0.058191930513598826
0.2109291956606145, 0.056608106801710356
0.21412172835972404, 0.05463620351620345
0.21367651039912153, 0.05482847765541817
0.21235168025167298, 0.05572267358216181
nan, nan
nan, nan
nan, nan
nan, nan
nan, nan
nan, nan
nan, nan
nan, nan
nan, nan
nan, nan
nan, nan
nan, nan
nan, nan
nan, nan
nan, nan
nan, nan
0.24569461401202056, 0.0
0.24569461401202056, 0.0
0.24430955703092633, 0.0036645163236292853
0.24038700601335036, 0.020409342149287996
nan, nan
nan, nan
nan, nan
nan, nan
nan, nan
nan, nan
nan, nan
nan, nan
nan, nan
nan, nan
nan, nan
nan, nan
nan, nan
nan, nan
nan, nan
nan, nan
0.22071609594404437, 0.043264062391511905
0.22349148684048614, 0.041538247395426386
0.22719200803574188, 0.03881139372425393
0.22619918527603916, 0.03959540294148909
nan, nan
nan, nan
nan, nan
nan, nan
nan, nan
nan, nan
nan, nan
nan, nan
nan, nan
nan, nan
nan, nan
nan, nan
nan, nan
nan, nan
nan, nan
nan, nan
0.20534079169797162, 0.0
0.20534079169797162, 0.0
0.20075923400890583, 0.01587098139053972
0.19591352791616148, 0.023598090078412903
nan, nan
nan, nan
nan, nan
nan, nan
nan, nan
nan, nan
nan, nan
nan, nan
nan, nan
nan, nan
nan, nan
nan, nan
nan, nan
nan, nan
0.24569461401202056, 0.0
0.24569461401202056, 0.0
0.24569461401202058, 2.7755575615628914e-17
0.23909126126972144, 0.028783347292233613
0.22667187458513827, 0.04450180783880125
0.2205951714470692, 0.049877816150851746
nan, nan
nan, nan
nan, nan
nan, nan
nan, nan
nan, nan
nan, nan
nan, nan
nan, nan
nan, nan
nan, nan
0.24569461401202056, 0.0
0.24569461401202056, 0.0
0.23468902610818887, 0.036501405674283734
0.2326389498854456, 0.038330566634957715
0.23111973569821687, 0.040270402387948406
0.23172953173714483, 0.03942260841038994
0.22986834160036318, 0.04176169379068678
0.23068023438482185, 0.04093628209893637
0.22860318758059386, 0.04431090274201366
nan, nan
nan, nan
nan, nan
nan, nan
nan, nan
nan, nan
nan, nan
nan, nan
nan, nan
nan, nan
0.24569461401202056, 0.0
0.2356061584335082, 0.03345962186809335
0.23587881939508956, 0.033044888735880684
0.2367742953952307, 0.03162806938646258
0.2377268363304576, 0.03045857980976118
0.2377537904223283, 0.030407046071655695
0.23422945774248, 0.035470188528027455
0.23463406686772034, 0.03493278562973642
0.23296854958724253, 0.03739277034447528
0.23510289778192478, 0.03523580585193606
nan, nan
nan, nan
nan, nan
nan, nan
nan, nan
nan, nan
nan, nan
nan, nan
nan, nan
nan, nan
nan, nan
0.24569461401202056, 0.0
0.24569461401202058, 2.7755575615628914e-17
0.24569461401202047, 8.326672684688674e-17
0.2457687257150767, 0.006278315523980817
0.24448188895119144, 0.011901690342940027
0.24380656631447326, 0.01548020337008346
0.24219853440315536, 0.021214125255752836
0.24290204342944374, 0.01712568442939239
0.24166817976957308, 0.019953676188408615
nan, nan
nan, nan
nan, nan
nan, nan
nan, nan
nan, nan
nan, nan
nan, nan
nan, nan
nan, nan
nan, nan
0.24569461401202056, 0.0
0.24569461401202056, 0.0
0.24390111079806284, 0.013331171038616316
0.24274686301331694, 0.01651664956173322
0.24243651937285696, 0.01765976239084075
0.241152791764555, 0.02176485044204239
0.24134314838416102, 0.02177660357203754
0.24074512523051622, 0.023642798905545888
0.24110864003313773, 0.022514514716143397
nan, nan
nan, nan
nan, nan
nan, nan
nan, nan
nan, nan
nan, nan
nan, nan
nan, nan
nan, nan
nan, nan
0.24569461401202056, 0.0
0.24569461401202058, 2.7755575615628914e-17
0.24569461401202056, 0.0
0.24484803032711042, 0.010088208901928714
0.2444490203422846, 0.012043586321885342
0.24414589451807772, 0.013250478141776762
0.2448087730201384, 0.01009929791302616
0.2437674192234684, 0.014459790097228396
0.24334971628941815, 0.01628440230231409
nan, nan
nan, nan
nan, nan
nan, nan
nan, nan
nan, nan
nan, nan
nan, nan
nan, nan
nan, nan
nan, nan
0.24569461401202056, 0.0
0.23132131620961638, 0.028746595604808314
0.23301229242166396, 0.027396945893640258
0.2349910943719323, 0.025586305788811978
0.239408618169594, 0.022466816733254145
0.2408223546807613, 0.02003689163581462
0.24100472842569132, 0.020635071673504587
0.2425580355420902, 0.017021759405967684
0.24302924467750292, 0.015533387759670085
nan, nan
nan, nan
nan, nan
nan, nan
nan, nan
nan, nan
nan, nan
nan, nan
nan, nan
nan, nan
nan, nan
0.24569461401202056, 0.0
0.24569461401202056, 0.0
0.24275979057099875, 0.019467416359617993
0.24279805712664143, 0.018353558648315404
0.2410064074568121, 0.0234687806624395
0.2415366073625047, 0.022580243559747002
0.24129791894626973, 0.023388389326365864
0.24149738473572518, 0.022838362038587297
0.23998412095126656, 0.02613215735838644
nan, nan
nan, nan
nan, nan
nan, nan
nan, nan
nan, nan
nan, nan
nan, nan
nan, nan
nan, nan
0.24569461401202056, 0.0
0.24569461401202056, 0.0
0.2456946140120205, 5.551115123125783e-17
0.24569461401202056, 0.0
0.24434959107362542, 0.011072443808989894
0.24370446560325154, 0.014828960140668505
0.24338705603217478, 0.017108513671238675
0.24269856608448628, 0.019987892194717284
0.24220860209737802, 0.022284346556697778
0.24198581527936344, 0.02133138122112942
nan, nan
nan, nan
nan, nan
nan, nan
nan, nan
nan, nan
nan, nan
nan, nan
nan, nan
nan, nan
nan, nan
nan, nan
nan, nan
0.2255177028549961, 0.02017691115702447
0.2286964956109397, 0.02923636616470047
0.22515559225268153, 0.03059323685756719
0.22503810672673583, 0.0300464084036796
0.225691756122623, 0.029914155868636324
0.22606548226458667, 0.03055971318946292
0.2247692893778983, 0.03178289511809326
nan, nan
nan, nan
nan, nan
nan, nan
nan, nan
nan, nan
nan, nan
nan, nan
nan, nan
nan, nan
0.24569461401202056, 0.0
0.24569461401202056, 0.0
0.23565027132047262, 0.03192259571200366
0.23808633637188203, 0.02839150145263959
0.23639167876916617, 0.03060413373710608
0.2366615983074395, 0.030198571200634718
0.23480108165230495, 0.03265392099718975
0.2341921395820043, 0.03337663516083058
0.2343414053160741, 0.0331373348267732
0.2349195129556471, 0.03223702643396359
nan, nan
nan, nan
nan, nan
nan, nan
nan, nan
nan, nan
nan, nan
nan, nan
nan, nan
nan, nan
nan, nan
0.24569461401202056, 0.0
0.23909341922813407, 0.018868640470518915
0.23806590733001456, 0.022928773224410327
0.2363258161411213, 0.026105111283891733
0.2355171262102506, 0.027246106763079748
0.234972494794799, 0.02838091778943396
0.23603478735642106, 0.02827795708464937
0.23615359111479461, 0.02779956012496884
0.23534886827011522, 0.02905346029643066
nan, nan
nan, nan
nan, nan
nan, nan
nan, nan
nan, nan
nan, nan
nan, nan
nan, nan
nan, nan
nan, nan
0.24569461401202056, 0.0
0.22524052508556608, 0.030171155608704342
0.23098381151389896, 0.02507714611331511
0.22980258265959866, 0.030008062621380224
0.23033930826063576, 0.030431836563811678
0.23049340582685962, 0.030681186596117325
0.23130357400677556, 0.031142846535703424
0.23075081378514553, 0.03196130676634437
0.23170088441488496, 0.03125985826821388
nan, nan
nan, nan
nan, nan
nan, nan
nan, nan
nan, nan
nan, nan
nan, nan
nan, nan
nan, nan
0.24569461401202056, 0.0
0.23459305042625336, 0.031399963573078477
0.23645684605594905, 0.027298442738198928
0.23368025735714198, 0.031075669997214027
0.23359868681570298, 0.031116507232399972
0.23399231343834906, 0.03083526602001177
0.23396298881579775, 0.030508517788557076
0.2314291146844965, 0.03328584289853247
0.23153266936441003, 0.033431371431744954
0.23128710504224245, 0.033495864449016276
nan, nan
nan, nan
nan, nan
nan, nan
nan, nan
nan, nan
nan, nan
nan, nan
nan, nan
nan, nan
nan, nan
0.24569461401202056, 0.0
0.2257117995576396, 0.03996562890876187
0.2137027012147467, 0.04530767722721983
0.21257988100607933, 0.04581898061148889
0.21008142582275188, 0.04717122264595906
0.20807438610472348, 0.04800029388225363
0.20611757293921865, 0.04861784632554488
0.19978784790038429, 0.04987268618200627
0.19778198724629556, 0.04958627493554847
nan, nan
nan, nan
nan, nan
nan, nan
nan, nan
nan, nan
nan, nan
nan, nan
nan, nan
nan, nan
nan, nan
nan, nan
nan, nan
0.20534079169797162, 0.0
0.20534079169797162, 0.0
0.20106084084648143, 0.02860642737410001
0.19516240125985715, 0.03604164046840232
0.19937228120174832, 0.03402463255859898
0.19876832949249418, 0.03455133528846462
0.19915884231346076, 0.03591714366462815
nan, nan
nan, nan
nan, nan
nan, nan
nan, nan
nan, nan
nan, nan
nan, nan
nan, nan
nan, nan
0.24569461401202056, 0.0
0.24569461401202056, 0.0
0.2373684413226952, 0.027614790750196672
0.23184280546364772, 0.034306940530963136
0.2242988116944145, 0.04307885821930984
0.22395156718259387, 0.042289048653465985
0.2236862364723216, 0.04214542535582083
0.21973428491779845, 0.044876011972123986
0.22024202041861216, 0.044071513029849546
0.2208791179890045, 0.04348438699612381
nan, nan
nan, nan
nan, nan
nan, nan
nan, nan
nan, nan
nan, nan
nan, nan
nan, nan
nan, nan
nan, nan
nan, nan
0.24569461401202095, 0.0
0.24569461401202078, 1.9068706655153886e-16
0.23666352816702063, 0.024091983685313144
0.22913110930628497, 0.03508123297918967
0.22410451267088563, 0.038374516057670414
0.2230308723177664, 0.0384805695761328
0.22137794559375232, 0.03882525977604515
0.21784466607359587, 0.04088306401683102
nan, nan
nan, nan
nan, nan
nan, nan
nan, nan
nan, nan
nan, nan
nan, nan
nan, nan
nan, nan
nan, nan
nan, nan
0.11362755916604016, 0.0
0.13840080218724168, 0.03571152044068532
0.1357654627253531, 0.02939992458507819
0.13631541533829195, 0.02984113934115314
0.1399824183273403, 0.03036503386226648
0.14054958749112242, 0.030378374243199457
0.14049375749501633, 0.031330826276430336
0.14174030834534854, 0.03367324171977241
nan, nan
nan, nan
nan, nan
0.5428454874154757, 0.0
0.5428454874154757, 0.0
0.5428454874154757, 0.0
0.5428454874154757, 0.0
0.5428454874154754, 2.220446049250313e-16
0.5428454874154758, 1.1102230246251565e-16
0.5415313873672569, 0.015154941061742108
nan, nan
nan, nan
nan, nan
0.11362755916604016, 0.0
0.12166580480955919, 0.013922649858294152
0.13335616400423228, 0.06767550506850997
0.13926400263145977, 0.08128604960247635
0.13503834389228062, 0.06992917758538761
0.13498633437542853, 0.06803392716091393
0.13059336512556532, 0.05514980718086891
nan, nan
nan, nan
nan, nan
nan, nan
nan, nan
nan, nan
nan, nan
0.6061463348487401, 0.06330084743326447
0.5971033566439881, 0.0626515908094743
0.5945149988126421, 0.06952946178258544
nan, nan
nan, nan
0.11362755916604016, 0.0
0.2897169656273472, 0.17608940646130708
0.22199027083453687, 0.16254406750274503
0.25449908433508583, 0.17253167797589983
0.2662347648970295, 0.1745130195672673
0.28290825060968067, 0.17595074632404092
0.28061349616048636, 0.17584733083544904
0.3025941622820212, 0.17551682284536202
nan, nan
nan, nan
nan, nan
0.3520819637490599, 0.0
0.4158147041541291, 0.08268169074956933
0.4133690179532777, 0.08644481530046551
0.4199377498674902, 0.0919306051640718
0.4144779687411765, 0.08941267400728395
0.4104946563196821, 0.08953432329901252
0.40779486550070504, 0.08806241221694673
nan, nan
0.46548118389574505, 0.0
0.46548118389574505, 0.0
0.46548118389574505, 0.0
0.46551074645873686, 9.348503252613896e-05
0.4654966690477884, 6.9251705221472e-05
0.46549060964046696, 5.455544179465018e-05
0.46549038733516707, 5.3927233722708905e-05
0.4654891541945908, 5.0282416558137394e-05
0.46546610668067584, 0.0005789132850574591
nan, nan
nan, nan
nan, nan
0.46008313363224196, 0.0
0.4600831336322419, 6.798699777552591e-17
0.4510107301033807, 0.029576540408722502
0.44549009232768905, 0.04358154905651855
0.443291050790752, 0.04574408154038576
0.44344881039492806, 0.04308198591967033
0.4415414043355084, 0.04761420514736084
nan, nan
nan, nan
nan, nan
0.46580637208865433, 0.0
0.46580637208865433, 0.0
0.4658063720886544, 5.551115123125783e-17
0.4658063720886542, 1.1102230246251565e-16
0.46580287544141896, 3.353866207663233e-05
0.4658008416772104, 4.204567817017943e-05
0.46579923892829384, 4.763126652381422e-05
nan, nan
nan, nan
0.6694471822820046, 0.0
0.6441268433086988, 0.050640677946611395
0.6012273151340427, 0.09253831570957916
0.5596599266571873, 0.12582034530833477
0.545906819998079, 0.12583941857469202
0.5431234755673339, 0.12486463031392411
0.545642213836771, 0.12631396340785014
0.551042968493037, 0.12138048678228883
nan, nan
nan, nan
nan, nan
0.4656437779921997, 0.00016259409645463796
0.4657599166325244, 0.00011379216328649551
0.4656979760243512, 0.00015329518424529877
0.4656876525896556, 0.00015656263890204743
0.4656991671898932, 0.00015286882278865238
0.46569032453745934, 0.00015578915022009576
0.4656835142052984, 0.0001576637991755863
nan, nan
nan, nan
0.38808235371012056, 0.050912239733652234
0.4179057420882556, 0.07093454239954895
0.4311263961840212, 0.07014419849518666
0.4315754261115183, 0.07120249814693896
0.43110684652409853, 0.07387438256671622
0.432170872164738, 0.07659669993268517
0.4299837407275928, 0.075787295752941
0.4252760961718182, 0.07536169875707292
nan, nan
nan, nan
nan, nan
nan, nan
nan, nan
nan, nan
0.46575217405650277, 0.000121190484137576
0.46574383589771023, 0.00012816105393895086
0.4657545721995185, 0.00011900203286722776
0.4657578633526956, 0.00011585063971530088
nan, nan
nan, nan
0.4818639657293549, 0.08846971726954007
0.48737067242267784, 0.07297648486119407
0.49127494743221894, 0.07769158249198463
0.49387945522310284, 0.08485680435512649
0.49242831899950645, 0.08946808044144627
0.49325978246744917, 0.09094828557553944
0.5002027725294951, 0.09221051384506353
0.505081685118311, 0.0905661108427472
nan, nan
nan, nan
0.46580637208865433, 0.0
0.465725075040427, 0.0001408106180350938
0.46572507504042715, 0.00014081061803509378
0.4657096945177894, 0.00014863327977300425
0.4657258799616968, 0.00014034281886377654
0.4656716984472, 0.0009594401613874549
0.4656780714350337, 0.0008523980242233626
0.4657208611605569, 0.00014316083737505372
nan, nan
nan, nan
nan, nan
0.45356795869174127, 0.06315105166415254
0.44997355303418124, 0.06337905266665436
0.4560641218969692, 0.060580920182734796
0.45081060000905804, 0.05786905136847047
0.45403539528737463, 0.05636934408321416
0.45212069583894793, 0.04894660070370113
0.45196761569234456, 0.0488488056279376
nan, nan
nan, nan
0.46580637208865433, 0.0
0.465725075040427, 0.0001408106180350938
0.4657341080457857, 0.00013519364489896242
0.46572507504042704, 0.0001408106180350938
0.4657124288329251, 0.0001473903058874998
0.46569909350955013, 0.0001528954994175481
0.46569435353377053, 0.00015452816829538945
0.46567384256097816, 0.00015979036862736343
nan, nan
0.4600831336322414, 0.0
0.42163705747032965, 0.054370962328204576
0.4202284309510178, 0.06999270067705524
0.4243958950259984, 0.08065214716518854
0.4196271805361795, 0.08389396411334846
0.417012812643249, 0.0877682943295857
0.41649850644455566, 0.0884662851382777
0.4192539444115159, 0.08838024004689028
0.4157437246128285, 0.09437663051785564
nan, nan
nan, nan
nan, nan
nan, nan
nan, nan
nan, nan
nan, nan
0.46580637208865433, 0.0
0.46580637208865433, 0.0
0.46580637208865433, 0.0
nan, nan
nan, nan
nan, nan
nan, nan
0.4600831336322418, 0.0
0.5969485212831834, 0.08343323656225407
0.5888755451542688, 0.08349063625584721
0.5932183852081875, 0.08779061353697289
0.589952279709933, 0.0915894703731026
0.5905121252575326, 0.09305259183493328
nan, nan
nan, nan
nan, nan
nan, nan
nan, nan
0.46548118389574505, 0.0
0.46548118389574505, 0.0
0.46551731591717943, 0.00010219678949686585
0.46556248094397235, 0.00014081061803509378
0.4655985595156709, 0.00015617979889317972
nan, nan
0.3520819637490599, 0.0
0.5262535267888329, 0.13458416620987804
0.5333336485492729, 0.13498469774895605
0.5527705375422222, 0.1289258778107217
0.5645134399872136, 0.12398629202847414
0.5663471466152895, 0.12031097913153964
0.5689953625105697, 0.11545234663559886
0.5689452089541067, 0.11547131601790218
0.5768075840670448, 0.11024001144900225
nan, nan
nan, nan
nan, nan
0.46548118389574505, 0.0
0.46548118389574505, 0.0
0.4656112591729088, 0.00015930902860109377
0.4656191425230399, 0.0001607169370700455
0.4656200663531334, 0.00016085583102483283
0.46502331435769917, 0.009646024924584677
0.46446087673092634, 0.013479026449616188
nan, nan
nan, nan
0.5171840140375688, 0.0475671992090343
0.513086592592748, 0.06402341213351524
0.5057362768138516, 0.07036016684003558
0.5080272843370708, 0.07388613468525108
0.5085046759235943, 0.0746167723822775
0.502266364837651, 0.07416210032095807
0.5028249909451328, 0.0745022414253479
0.5011591822841551, 0.08062365224070764
nan, nan
nan, nan
0.46580637208865433, 0.0
0.4658063720886544, 5.551115123125783e-17
0.46580637208865444, 1.1102230246251565e-16
0.4658063720886542, 1.1102230246251565e-16
0.46579980263021187, 4.575098397976006e-05
0.46579834275055787, 5.0463607437423306e-05
0.4657983791059051, 5.0352118555193015e-05
0.4657961460448522, 5.675223989233774e-05
nan, nan
nan, nan
0.5196277453531921, 0.06436353537799132
0.5264990171281004, 0.06581122508420283
0.5297770323811992, 0.06734828284030603
0.5277432227564873, 0.06833930662645084
0.5251890934727655, 0.0684459272956243
0.5217680393054265, 0.06727592265577009
0.5146046602976035, 0.0643146819251905
0.5122226827031412, 0.06495406956187384
nan, nan
nan, nan
nan, nan
0.46580637208865433, 0.0
0.46580637208865433, 0.0
0.465725075040427, 0.0001408106180350938
0.4657313286595216, 0.00013700992976211688
0.46571848338786803, 0.00014441587191142048
0.46572655316857686, 0.00013994681267421604
0.4657294563184753, 0.00013818851113073564
nan, nan
nan, nan
nan, nan
0.4449479249568064, 0.07639848735081786
0.46040815558361775, 0.05768900619011959
0.4696115094547712, 0.0663031895764195
0.47394478238655063, 0.07858569813904483
0.474060521193429, 0.07985861661583961
0.47412410599860383, 0.08320474122375673
0.4717080511285049, 0.0824503977312844
nan, nan
nan, nan
0.46580637208865433, 0.0
0.4658063720886544, 5.551115123125783e-17
0.46578925692060646, 7.261350832672047e-05
0.4657886345508592, 7.384725868440799e-05
0.46578358820252713, 8.300569432366683e-05
0.4657804788835984, 8.803241728318079e-05
0.46577585957183903, 9.482244735241953e-05
0.46577001564472675, 0.00010247387611679175
nan, nan
nan, nan
0.45167019493225896, 0.07810575584246458
0.44726795977072636, 0.08606134220288437
0.44896939020115756, 0.09893747004016633
0.4495151789624566, 0.09640052304606497
0.453292451566067, 0.0982807627104492
0.4568330772675298, 0.10084716017449971
0.453477246277035, 0.10201940474607493
0.46076709302562197, 0.10566288077126046
nan, nan
nan, nan
0.46580637208865433, 0.0
0.4658063720886544, 5.551115123125783e-17
0.46580637208865444, 1.1102230246251565e-16
0.4658063720886543, 5.551115123125783e-17
0.4658063720886546, 2.7755575615628914e-16
0.4658063720886545, 1.6653345369377348e-16
0.46580637208865444, 1.1102230246251565e-16
0.46580510676494663, 2.024517932509111e-05
nan, nan
0.3520819637490599, 0.0
0.421416959576687, 0.050097230493675926
0.4241752981376285, 0.05693839689410681
0.4251312518063452, 0.05931902617225584
0.42725352508577574, 0.055186600466937186
0.42822306980809055, 0.055048740878000824
0.4309223025752521, 0.052785485834778614
0.4314450486058182, 0.051950335896757564
0.42866358423632844, 0.052704862030289845
nan, nan
nan, nan
0.46548118389574505, 0.0
0.4656205502641347, 0.00016092642061153576
0.465618105240128, 0.00016055450788738626
0.465603129468086, 0.0001574310569401138
0.4656071370690551, 0.00015841175130969223
0.46561063531066826, 0.0001591804097959303
0.46557777814279416, 0.000606907216598953
0.465575564111732, 0.0006073807671614355
nan, nan
0.46008313363224196, 0.0
0.46008313363224196, 0.0
0.4137969179680211, 0.05344671814701398
0.40367360324054885, 0.06527779214991022
0.4075384237424554, 0.06651149466265785
0.40927194522935356, 0.06756523019732413
0.4122597614939869, 0.06870560305603719
0.41236325355315867, 0.07105926727329255
0.41197065672288147, 0.07575024634786548
nan, nan
nan, nan
nan, nan
0.4656670057202646, 0.00016092642061153576
0.4656762968114906, 0.00015930902860109377
0.465701847312362, 0.00015187097898472968
0.4657028205411917, 0.00015149527256795274
0.4657022102456132, 0.00015173171047257726
0.4657069411123764, 0.00014982409836690076
0.4657094989681461, 0.0001487198491209163
nan, nan
nan, nan
0.46008313363224196, 0.0
0.4767017377402375, 0.0628910809867593
0.45670317579683944, 0.0654312179750528
0.45689081572684437, 0.06792977513497943
0.45770626503002526, 0.06765455664925794
0.4554394070452423, 0.06876926319007619
0.4513775605943262, 0.06605155499786927
0.4523424071366924, 0.0624589817423604
nan, nan
nan, nan
nan, nan
0.46580637208865433, 0.0
0.46580637208865433, 0.0
0.46580637208865433, 0.0
0.4658063720886543, 5.551115123125783e-17
0.46580637208865444, 1.1102230246251565e-16
0.46580637208865444, 1.1102230246251565e-16
0.4658063720886545, 1.6653345369377348e-16
nan, nan
nan, nan
0.5428454874154757, 0.0
0.5109798183571879, 0.10042787595463316
0.5067741115510805, 0.09087660265712545
0.5284337051126208, 0.08554149608777124
0.5249545015170005, 0.08642976488052126
0.5204174653827297, 0.08927115240954657
0.5120364639524516, 0.09052915476704927
0.5142291251335294, 0.0950700553042801
nan, nan
nan, nan
nan, nan
nan, nan
nan, nan
nan, nan
0.46580637208865433, 0.0
0.4658063720886544, 5.551115123125783e-17
0.4657915908071584, 6.773634132330267e-05
0.46578724337142435, 7.651486891982964e-05
nan, nan
nan, nan
nan, nan
0.27137431912096044, 0.0
0.40710990326821805, 0.13573558414725762
0.39696749872939313, 0.09955277527964126
0.4130076949517799, 0.10428118851691137
0.41478988641850345, 0.10292994769116294
0.41407727527819416, 0.09906264879350268
0.4125288750065518, 0.0934326245416426