nan, nan
nan, nan
nan, nan
nan, nan
nan, nan
nan, nan
nan, nan
nan, nan
nan, nan
nan, nan
nan, nan
nan, nan
nan, nan
nan, nan
nan, nan
nan, nan
nan, nan
nan, nan
nan, nan
nan, nan
nan, nan
nan, nan
nan, nan
nan, nan
nan, nan
nan, nan
nan, nan
nan, nan
nan, nan
nan, nan
nan, nan
nan, nan
nan, nan
nan, nan
nan, nan
nan, nan
nan, nan
nan, nan
nan, nan
nan, nan
nan, nan
nan, nan
nan, nan
nan, nan
nan, nan
nan, nan
nan, nan
nan, nan
nan, nan
nan, nan
nan, nan
nan, nan
nan, nan
nan, nan
nan, nan
nan, nan
nan, nan
nan, nan
nan, nan
nan, nan
nan, nan
nan, nan
nan, nan
nan, nan
nan, nan
nan, nan
nan, nan
nan, nan
nan, nan
nan, nan
nan, nan
nan, nan
nan, nan
nan, nan
nan, nan
nan, nan
nan, nan
nan, nan
nan, nan
nan, nan
nan, nan
nan, nan
nan, nan
nan, nan
nan, nan
nan, nan
nan, nan
nan, nan
nan, nan
nan, nan
nan, nan
nan, nan
nan, nan
nan, nan
nan, nan
nan, nan
nan, nan
nan, nan
nan, nan
nan, nan
nan, nan
nan, nan
nan, nan
nan, nan
nan, nan
nan, nan
nan, nan
nan, nan
nan, nan
nan, nan
nan, nan
nan, nan
nan, nan
nan, nan
nan, nan
nan, nan
nan, nan
nan, nan
nan, nan
nan, nan
nan, nan
nan, nan
nan, nan
nan, nan
nan, nan
nan, nan
nan, nan
nan, nan
nan, nan
nan, nan
nan, nan
nan, nan
nan, nan
nan, nan
nan, nan
nan, nan
nan, nan
nan, nan
nan, nan
nan, nan
nan, nan
nan, nan
nan, nan
nan, nan
nan, nan
nan, nan
nan, nan
nan, nan
nan, nan
nan, nan
nan, nan
nan, nan
nan, nan
nan, nan
nan, nan
nan, nan
nan, nan
nan, nan
nan, nan
nan, nan
nan, nan
nan, nan
nan, nan
nan, nan
nan, nan
nan, nan
nan, nan
nan, nan
nan, nan
nan, nan
nan, nan
nan, nan
nan, nan
nan, nan
nan, nan
nan, nan
nan, nan
nan, nan
nan, nan
nan, nan
nan, nan
nan, nan
nan, nan
nan, nan
nan, nan
nan, nan
nan, nan
nan, nan
nan, nan
nan, nan
nan, nan
nan, nan
nan, nan
nan, nan
nan, nan
nan, nan
nan, nan
nan, nan
nan, nan
nan, nan
nan, nan
nan, nan
nan, nan
nan, nan
nan, nan
nan, nan
nan, nan
nan, nan
nan, nan
nan, nan
nan, nan
nan, nan
nan, nan
nan, nan
0.3755322678313757, 0.0
0.38277948490002156, 0.01449443413729161
0.38157161538858053, 0.013504391677657317
0.3796684018399456, 0.017103378526891606
0.37678224428096857, 0.024866114234169526
0.37557828077079625, 0.028275199850846172
nan, nan
nan, nan
nan, nan
nan, nan
nan, nan
nan, nan
nan, nan
nan, nan
nan, nan
nan, nan
nan, nan
nan, nan
nan, nan
nan, nan
nan, nan
nan, nan
nan, nan
nan, nan
nan, nan
nan, nan
nan, nan
nan, nan
nan, nan
nan, nan
nan, nan
nan, nan
nan, nan
nan, nan
nan, nan
nan, nan
nan, nan
nan, nan
nan, nan
nan, nan
nan, nan
nan, nan
nan, nan
nan, nan
nan, nan
nan, nan
nan, nan
nan, nan
nan, nan
nan, nan
nan, nan
nan, nan
nan, nan
nan, nan
nan, nan
nan, nan
nan, nan
nan, nan
nan, nan
nan, nan
nan, nan
nan, nan
nan, nan
nan, nan
nan, nan
nan, nan
nan, nan
nan, nan
nan, nan
nan, nan
nan, nan
nan, nan
nan, nan
nan, nan
nan, nan
nan, nan
nan, nan
nan, nan
nan, nan
nan, nan
nan, nan
nan, nan
nan, nan
nan, nan
nan, nan
nan, nan
nan, nan
nan, nan
nan, nan
nan, nan
nan, nan
nan, nan
nan, nan
nan, nan
nan, nan
nan, nan
nan, nan
nan, nan
nan, nan
nan, nan
nan, nan
nan, nan
nan, nan
nan, nan
nan, nan
nan, nan
nan, nan
nan, nan
nan, nan
nan, nan
nan, nan
nan, nan
nan, nan
nan, nan
nan, nan
nan, nan
nan, nan
nan, nan
nan, nan
nan, nan
nan, nan
nan, nan
nan, nan
nan, nan
nan, nan
nan, nan
nan, nan
0.46548118389574505, 0.0
0.46548118389574505, 0.0
0.4654811838957451, 5.551115123125783e-17
0.46548118389574505, 0.0
0.46548118389574517, 1.1102230246251565e-16
0.46548118389574517, 1.1102230246251565e-16
0.46546775591001505, 0.00026889520469500363
0.46548118389574517, 1.1102230246251565e-16
0.46548118389574517, 1.1102230246251565e-16
nan, nan
nan, nan
nan, nan
nan, nan
nan, nan
nan, nan
nan, nan
nan, nan
nan, nan
nan, nan
nan, nan
nan, nan
nan, nan
nan, nan
nan, nan
0.46548118389574505, 0.0
0.46556248094397246, 0.00014081061803526205
0.4655994341477122, 0.0001564303795879036
0.4656205502641348, 0.00016092642061172807
0.465637603532841, 0.00016247681758819262
nan, nan
nan, nan
nan, nan
0.5428454874154757, 0.0
0.5098287237039808, 0.07382772805595092
0.5057016282400438, 0.07732110873445452
0.49836075691807213, 0.08655117273886462
0.4933152582223435, 0.09060096618172957
0.49342217442697967, 0.08968281968237021
0.4956050773724251, 0.08928493967274403
nan, nan
nan, nan
nan, nan
nan, nan
nan, nan
nan, nan
0.46548118389574505, 0.0
0.46548118389574505, 0.0
0.4654811838957451, 5.551115123125783e-17
0.46548118389574505, 0.0
nan, nan
0.3447449051465061, 0.0
0.3447449051465061, 0.0
0.3447449051465061, 0.0
0.34283726990984187, 0.050038739669421406
0.34479381887052307, 0.043969302610076665
0.3435716754928362, 0.03871394150212895
0.34447864458846056, 0.03959617850192664
0.34622367318038316, 0.043343146567204276
0.3468864773188917, 0.039194086318931155
nan, nan
nan, nan
nan, nan
nan, nan
nan, nan
nan, nan
0.4658063720886547, 0.0
0.46575217405650315, 0.00012119048413772082
0.4657088156307818, 0.00014901995091144398
0.4656875533258607, 0.0001565904223279276
nan, nan
0.3447449051465061, 0.0
0.3447449051465061, 0.0
0.3543564241869841, 0.031877802322622203
0.3511777028647229, 0.026060508348687027
0.3573251195073617, 0.04174686014956523
0.3573848358799834, 0.04297387179614734
0.3564529565619452, 0.04205485719031928
0.35564309245430425, 0.04429572177245326
0.35578985397554336, 0.040869988743063815
nan, nan
nan, nan
nan, nan
nan, nan
nan, nan
nan, nan
0.29216265182819906, 0.1227846521066281
0.32110327187160836, 0.12942638745611212
0.31820920986726725, 0.12906997414660387
0.32043787811437763, 0.13016273293461483
nan, nan
0.3520819637490599, 0.0
0.3506145520285492, 0.0029348234410215396
0.3636989732031045, 0.07193238766569396
0.377867315846949, 0.07938702165265919
0.38661011076752205, 0.0829175818909319
0.3842532543160857, 0.08467052055785615
0.38594646676792754, 0.08102663734507334
0.38752590600094744, 0.07898864927744355
0.3934849624414843, 0.08306098619254668
nan, nan
nan, nan
nan, nan
nan, nan
0.4656437779921999, 0.00016259409645483225
0.40785286795896736, 0.10824733553972363
0.4271466146545735, 0.09249951630422353
0.4244337341747879, 0.09509900185175965
0.42993926919818853, 0.09012190178342895
0.43500231831480324, 0.08460587573593621
nan, nan
nan, nan
nan, nan
0.4600831336322418, 0.0
0.43124857651080784, 0.04994291794807056
0.43737223049317253, 0.056358931880842025
0.42801305082155033, 0.059948522760747185
0.4297350471548348, 0.061301664332923174
0.4278036687539169, 0.0599111968903845
0.42973858116566455, 0.062482238093014675
nan, nan
nan, nan
0.46548118389574505, 0.0
0.46548118389574505, 0.0
0.46548118389574505, 0.0
0.4654932279028899, 6.141262745319829e-05
0.46550257785580496, 8.061861871801497e-05
0.4642919283082021, 0.017785101152739385
0.4646237018874899, 0.015199753924924059
0.465512327541086, 9.569544975543042e-05
nan, nan
nan, nan
nan, nan
0.41341960729320537, 0.04666352633903639
0.37453327232385303, 0.07260899625484356
0.37514209581732605, 0.0748563586783035
0.3753586524924266, 0.06825747280448141
0.37660725143154955, 0.06990739597980361
0.37814289945852186, 0.07022320462118237
0.375830314606124, 0.07396416667418418
nan, nan
nan, nan
nan, nan
nan, nan
nan, nan
0.4655895799600483, 0.00015329518424548195
0.4656205502641349, 0.00016092642061172805
0.4656360354161782, 0.00016240964478291347
0.46563127075401106, 0.00016211233511010528
0.4656296031222525, 0.00016197503901508768
nan, nan
nan, nan
0.4495271069410268, 0.05214338655228
0.46900277858346834, 0.07267083985797126
0.4630042396020207, 0.07155035212192744
0.45926690901926204, 0.07314176771311097
0.45956924961853435, 0.07179147948526944
0.46531788893586995, 0.06849321311401628
0.46547883343690116, 0.06907728227568015
0.4686699971285254, 0.06886582897446059
nan, nan
nan, nan
nan, nan
nan, nan
nan, nan
nan, nan
nan, nan
nan, nan
0.46548118389574505, 0.0
0.46548118389574505, 0.0
nan, nan
nan, nan
0.45480078418482256, 0.08804470323065355
0.45612137154667737, 0.07628324965660066
0.4608330222582107, 0.06404853109408491
0.45674633568932527, 0.07058928029590415
0.45347752726042106, 0.07481290035251097
0.4523613553845703, 0.07658588266264511
0.4500079926792629, 0.07813233076557205
0.44843630256888284, 0.07305935128852402
nan, nan
0.46548118389574505, 0.0
0.46548118389574505, 0.0
0.4655044116238102, 8.374876455080504e-05
0.465513702715036, 9.755645787289936e-05
0.4655149298402923, 9.917153801347732e-05
0.4655153085826554, 9.966168277344967e-05
0.4655129389850403, 9.652975918057651e-05
0.46551249831432157, 9.592959073258363e-05
0.4655126010737301, 9.60700591377043e-05
nan, nan
nan, nan
nan, nan
0.41341960729320537, 0.04666352633903639
0.42008582534163924, 0.04618491341687975
0.4311639501371648, 0.04629129530679127
0.43193284486161726, 0.04968999200297364
0.43295759447397164, 0.050659105063733056
0.43334296039342085, 0.05258199977736612
0.43212545410947195, 0.05746687143967285
nan, nan
nan, nan
nan, nan
nan, nan
nan, nan
0.4658063720886547, 0.0
0.4658063720886547, 0.0
0.4658063720886547, 0.0
0.46580637208865466, 5.551115123125783e-17
0.4658063720886547, 0.0
nan, nan
0.40241401938937393, 0.05766911424286786
0.47575410365957965, 0.09631782113370098
0.47255026397942035, 0.09867521382550777
0.47704661855609487, 0.08822809034853181
0.4740811521936123, 0.08612895084632195
0.47064543799380193, 0.0857306327110568
0.4628167857373616, 0.08617626669321818
0.4661966613024125, 0.08412629644458619
0.4689663074311694, 0.08575107258671016
nan, nan
nan, nan
nan, nan
0.46569797602435153, 0.00015329518424548195
0.46567087700827575, 0.00016031994114796367
0.4656627824969805, 0.00016147962410166094
0.46566184400291716, 0.00016158731218362778
0.46566107523650363, 0.00016167141225789184
0.4656502333409425, 0.00016246590003620576
0.4656471778687556, 0.00016255854650362042
nan, nan
0.6694471822820046, 0.0
0.5937744069500457, 0.13106909162469763
0.5593629219312322, 0.1384292598428154
0.5453778540592298, 0.13546946403168833
0.5322257760647617, 0.13291834946580605
0.5219811620464558, 0.13259807018331451
0.5176835786740112, 0.13138718104457206
0.51637744588777, 0.12973643027714332
0.5136278193528152, 0.12719731285869254
nan, nan
nan, nan
nan, nan
0.46548118389574505, 0.0
0.4655624809439725, 0.00014081061803526205
0.46557874035361796, 0.00014901995091144398
0.4655937490394446, 0.00015470599241195523
0.46560467308292613, 0.00015782156466288017
0.4656051856191114, 0.00015794767785998383
0.465372725285121, 0.0061412544007301536
nan, nan
0.3520819637490599, 0.0
0.4565892962024531, 0.13110266674770651
0.48828651238466214, 0.12541047446222023
0.5004685307565219, 0.11977352533140075
0.4926318989093642, 0.11626314360800481
0.4850131570415812, 0.11259229699489423
0.48329473582715765, 0.10979298144954083
0.4848389511186988, 0.10889791585575603
0.492118438623891, 0.10890906851299557
nan, nan
0.46548118389574505, 0.0
0.46548118389574505, 0.0
0.46548118389574505, 0.0
0.4654811838957451, 5.551115123125783e-17
0.4654811838957451, 5.551115123125783e-17
0.46548118389574505, 0.0
0.4654811838957451, 5.551115123125783e-17
0.46548118389574517, 1.1102230246251565e-16
0.46548118389574517, 1.1102230246251565e-16
nan, nan
nan, nan
nan, nan
nan, nan
nan, nan
nan, nan
nan, nan
nan, nan
0.4600831336322414, 0.0
0.4600831336322414, 0.0
nan, nan
0.46548118389574505, 0.0
0.46548118389574505, 0.0
0.4654811838957451, 5.551115123125783e-17
0.46548118389574505, 0.0
0.4654811838957452, 1.6653345369377348e-16
0.4654811838957451, 5.551115123125783e-17
0.4652773933226575, 0.005749639619383459
0.46508933567680466, 0.007968115745582531
0.464664997530163, 0.011484760176237015
nan, nan
nan, nan
nan, nan
nan, nan
nan, nan
nan, nan
nan, nan
nan, nan
0.4600831336322418, 0.0
0.4600831336322418, 0.0
0.46548118389574505, 0.0
0.46548118389574505, 0.0
0.46548118389574505, 0.0
0.4654811838957449, 1.6653345369377348e-16
0.4654811838957451, 5.551115123125783e-17
0.46548118389574517, 1.1102230246251565e-16
0.46548118389574517, 1.1102230246251565e-16
0.46548158095092573, 1.1356055822670375e-05
0.46548157998367806, 1.1342232297127327e-05
0.4650811319579352, 0.008050889947261426
nan, nan
nan, nan
nan, nan
nan, nan
nan, nan
nan, nan
nan, nan
nan, nan
nan, nan
nan, nan
nan, nan
nan, nan
nan, nan
nan, nan
nan, nan
nan, nan
nan, nan
nan, nan
nan, nan
nan, nan
nan, nan
nan, nan
nan, nan
nan, nan
nan, nan
nan, nan
nan, nan
nan, nan
nan, nan
nan, nan
nan, nan
nan, nan
nan, nan
nan, nan
nan, nan
0.46548118389574505, 0.0
0.46548118389574505, 0.0
0.46548118389574505, 0.0
0.4654811838957451, 5.551115123125783e-17
0.46548118389574505, 0.0
nan, nan
nan, nan
nan, nan
nan, nan
nan, nan
nan, nan
0.3520819637490599, 0.0
0.3520819637490599, 0.0
0.3520819637490599, 0.0
0.35337019539053044, 0.03672070791937556
nan, nan
nan, nan
nan, nan
nan, nan
nan, nan
nan, nan
nan, nan
nan, nan
nan, nan
0.46548118389574505, 0.0
nan, nan
nan, nan
nan, nan
0.4600831336322418, 0.0
0.4600831336322418, 0.0
0.45068859298770114, 0.0265717735835494
0.45563308806377517, 0.018879944388311413
0.4608021035795281, 0.03221081653021198
0.46042501963512217, 0.04127021752396361
0.4597777284003545, 0.03953415415339422
nan, nan
nan, nan
nan, nan
0.46548118389574505, 0.0
0.46548118389574505, 0.0
0.46548118389574505, 0.0
0.4655276393518751, 0.0001137921632866315
0.46553955100729283, 0.00012479413375303747
0.46553857004743515, 0.00012396825626066876
0.4655349340102756, 0.00012078835954190266
nan, nan
nan, nan
nan, nan
0.5538053226862997, 0.07482834421221092
0.5379083623807649, 0.09342153952148981
0.541939242748815, 0.08673392225963035
0.5434024637997494, 0.08582094739630526
0.5430028359620793, 0.08702696269540372
0.5433034888737017, 0.0841600573319029
0.5441350354431621, 0.08436015089613189
nan, nan
nan, nan
nan, nan
0.4658063720886547, 0.0
0.4658063720886547, 0.0
0.4658063720886547, 0.0
0.46580637208865466, 5.551115123125783e-17
0.46580399845221016, 2.768111984858288e-05
0.4658048011312011, 2.254748119359753e-05
0.46580555810068747, 1.624920612534582e-05
nan, nan
nan, nan
0.3190652000375647, 0.047690880916604284
0.4277938745976835, 0.14509246909583268
0.4286131794749688, 0.14789735297575024
0.4489368826037702, 0.1472160634658661
0.43860429041064863, 0.14205454768966955
0.43548086498502575, 0.13990715029769105
0.43655970655091203, 0.13810655216828946
0.4414710796914684, 0.13932587819752734
nan, nan
nan, nan
nan, nan
0.4658063720886547, 0.0
0.4658063720886547, 0.0
0.4658063720886546, 1.1102230246251565e-16
0.4658029847116452, 3.301606707969338e-05
0.4649068314248668, 0.01524228970729109
0.46448680720055446, 0.018451734602411722
0.4641427988758197, 0.02072077905761237
nan, nan
nan, nan
0.45480078418482234, 0.08804470323065333
0.4688878416313212, 0.07312029125619125
0.45625540237911316, 0.0774572268651488
0.4449875376260778, 0.09044609655356675
0.4427498073553667, 0.08616212638614172
0.446414253735115, 0.08773511084197591
0.45614944778423533, 0.0835163038309857
0.45492611793194787, 0.08690661182663598
nan, nan
nan, nan
nan, nan
0.46548118389574505, 0.0
0.46548118389574505, 0.0
0.4655044116238102, 8.374876455080504e-05
0.46551899647631584, 0.00010424209080630083
0.4655371079798761, 0.00012271246339630107
0.4655375213239027, 0.00012307055149114377
0.4655374742554144, 0.00012302989777852525
nan, nan
nan, nan
0.6694471822820046, 0.0
0.6430703318259129, 0.05898043065216723
0.6377953400148373, 0.06161543543883893
0.6333531752826785, 0.06370172090237121
0.6312349712308996, 0.06550868699611648
0.6333098270313843, 0.06467735829838535
0.6338315277237685, 0.06443337012351372
0.633107830821925, 0.06575598393989934
nan, nan
nan, nan
nan, nan
nan, nan
0.46548118389574505, 0.0
0.465481183895745, 5.551115123125783e-17
0.4654811838957451, 5.551115123125783e-17
0.465481183895745, 5.551115123125783e-17
0.4654811838957451, 5.551115123125783e-17
0.465481183895745, 5.551115123125783e-17
nan, nan
nan, nan
nan, nan
nan, nan
nan, nan
nan, nan
nan, nan
nan, nan
nan, nan
nan, nan
nan, nan
nan, nan
nan, nan
nan, nan
nan, nan
0.46548118389574505, 0.0
0.46548118389574505, 0.0
0.46548118389574505, 0.0
0.46548118389574494, 1.1102230246251565e-16
0.4654811838957451, 5.551115123125783e-17
nan, nan
nan, nan
nan, nan
nan, nan
0.5428454874154757, 0.0
0.5428454874154757, 0.0
0.5428454874154757, 0.0
0.5428454874154757, 0.0
0.5387073697263138, 0.01803763682353388
0.5349279711658561, 0.03241022421286731
nan, nan
nan, nan
nan, nan
nan, nan
nan, nan
nan, nan
0.46548118389574505, 0.0
0.46548118389574505, 0.0
0.46548118389574505, 0.0
0.46548118389574483, 2.220446049250313e-16
nan, nan
nan, nan
nan, nan
nan, nan
nan, nan
nan, nan
nan, nan
nan, nan
nan, nan
nan, nan
nan, nan
nan, nan
nan, nan
nan, nan
nan, nan
nan, nan
nan, nan
nan, nan
nan, nan
nan, nan
nan, nan
nan, nan
nan, nan
nan, nan
nan, nan
nan, nan
nan, nan
nan, nan
nan, nan
nan, nan
nan, nan
nan, nan
nan, nan
nan, nan
nan, nan
nan, nan
nan, nan
0.46548118389574517, 1.1102230246251565e-16
0.465481183895745, 5.551115123125783e-17
0.46548118389574517, 1.1102230246251565e-16
nan, nan
nan, nan
nan, nan
nan, nan
nan, nan
nan, nan
nan, nan
nan, nan
nan, nan
nan, nan
nan, nan
nan, nan
nan, nan
nan, nan
nan, nan
nan, nan
nan, nan
nan, nan
0.46548118389574505, 0.0
0.46548118389574505, 0.0
nan, nan
nan, nan
nan, nan
nan, nan
nan, nan
nan, nan
nan, nan
nan, nan
nan, nan
nan, nan
nan, nan
nan, nan
nan, nan
nan, nan
nan, nan
nan, nan
0.46548118389574505, 0.0
0.46548118389574505, 0.0
0.46548118389574505, 0.0
0.4654811838957451, 5.551115123125783e-17
nan, nan
nan, nan
nan, nan
nan, nan
nan, nan
nan, nan
nan, nan
nan, nan
nan, nan
nan, nan
nan, nan
nan, nan
nan, nan
nan, nan
nan, nan
nan, nan
0.46548118389574505, 0.0
0.46548118389574505, 0.0
0.46548118389574505, 0.0
0.46548118389574505, 0.0
nan, nan
nan, nan
nan, nan
nan, nan
nan, nan
nan, nan
nan, nan
nan, nan
nan, nan
nan, nan
nan, nan
nan, nan
nan, nan
nan, nan
0.46548118389574505, 0.0
0.46548118389574505, 0.0
0.46548118389574505, 0.0
0.46548118389574517, 1.1102230246251565e-16
0.465481183895745, 5.551115123125783e-17
0.4654811838957452, 1.6653345369377348e-16
nan, nan
nan, nan
nan, nan
nan, nan
nan, nan
nan, nan
nan, nan
nan, nan
nan, nan
nan, nan
nan, nan
nan, nan
nan, nan
nan, nan
nan, nan
nan, nan
0.46548118389574505, 0.0
0.46548118389574505, 0.0
0.46548118389574505, 0.0
0.46548118389574505, 0.0
nan, nan
nan, nan
nan, nan
nan, nan
nan, nan
nan, nan
nan, nan
nan, nan
nan, nan
nan, nan
nan, nan
nan, nan
nan, nan
nan, nan
nan, nan
nan, nan
nan, nan
nan, nan
nan, nan
nan, nan
nan, nan
nan, nan
nan, nan
nan, nan
nan, nan
nan, nan
nan, nan
nan, nan
nan, nan
nan, nan
nan, nan
nan, nan
nan, nan
nan, nan
nan, nan
nan, nan
nan, nan
nan, nan
nan, nan
0.46548118389574505, 0.0
nan, nan
nan, nan
nan, nan
nan, nan
nan, nan
nan, nan
nan, nan
nan, nan
nan, nan
nan, nan
nan, nan
nan, nan
nan, nan
nan, nan
nan, nan
nan, nan
nan, nan
nan, nan
nan, nan
nan, nan
nan, nan
nan, nan
nan, nan
nan, nan
nan, nan
nan, nan
nan, nan
nan, nan
nan, nan
nan, nan
nan, nan
nan, nan
nan, nan
nan, nan
nan, nan
nan, nan
nan, nan
nan, nan
nan, nan
nan, nan
nan, nan
nan, nan
nan, nan
nan, nan
nan, nan
nan, nan
nan, nan
nan, nan
nan, nan
nan, nan
nan, nan
nan, nan
nan, nan
nan, nan
nan, nan
nan, nan
nan, nan
nan, nan
nan, nan
nan, nan
nan, nan
nan, nan
nan, nan
nan, nan
nan, nan
nan, nan
nan, nan
nan, nan
nan, nan
nan, nan
nan, nan
nan, nan
nan, nan
nan, nan
nan, nan
nan, nan
nan, nan
0.46548118389574505, 0.0
0.46548118389574505, 0.0
0.46548118389574505, 0.0
nan, nan
nan, nan
nan, nan
nan, nan
nan, nan
nan, nan
nan, nan
nan, nan
nan, nan
nan, nan
nan, nan
nan, nan
nan, nan
nan, nan
nan, nan
nan, nan
nan, nan
0.46548118389574505, 0.0
0.46548118389574517, 1.1102230246251565e-16
0.46548118389574494, 1.1102230246251565e-16
nan, nan
nan, nan
nan, nan
nan, nan
nan, nan
nan, nan
nan, nan
nan, nan
nan, nan
nan, nan
nan, nan
nan, nan
nan, nan
nan, nan
nan, nan
nan, nan
nan, nan
nan, nan
0.46548118389574505, 0.0
0.46548118389574505, 0.0
nan, nan
nan, nan
nan, nan
nan, nan
nan, nan
nan, nan
nan, nan
nan, nan
nan, nan
nan, nan
nan, nan
nan, nan
nan, nan
nan, nan
nan, nan
nan, nan
nan, nan
nan, nan
nan, nan
nan, nan
nan, nan
nan, nan
nan, nan
nan, nan
nan, nan
nan, nan
nan, nan
nan, nan
nan, nan
nan, nan
nan, nan
nan, nan
nan, nan
nan, nan
nan, nan
nan, nan
nan, nan
nan, nan
nan, nan
nan, nan
nan, nan
nan, nan
nan, nan
nan, nan
nan, nan
nan, nan
nan, nan
nan, nan
nan, nan
nan, nan
nan, nan
nan, nan
nan, nan
nan, nan
nan, nan
nan, nan
nan, nan
nan, nan
0.46548118389574505, 0.0
0.46548118389574505, 0.0
nan, nan
nan, nan
nan, nan
nan, nan
nan, nan
nan, nan
nan, nan
nan, nan
nan, nan
nan, nan
nan, nan
nan, nan
nan, nan
nan, nan
nan, nan
nan, nan
0.46548118389574505, 0.0
0.46548118389574505, 0.0
0.46548118389574505, 0.0
0.46548118389574517, 1.1102230246251565e-16
nan, nan
nan, nan
nan, nan
nan, nan
nan, nan
nan, nan
nan, nan
nan, nan
nan, nan
nan, nan
nan, nan
nan, nan
nan, nan
nan, nan
nan, nan
nan, nan
nan, nan
0.46548118389574505, 0.0
0.46548118389574505, 0.0
0.46548118389574505, 0.0
nan, nan
nan, nan
nan, nan
nan, nan
nan, nan
nan, nan
nan, nan
nan, nan
nan, nan
nan, nan
nan, nan
nan, nan
nan, nan
nan, nan
nan, nan
nan, nan
0.46548118389574505, 0.0
0.46548118389574505, 0.0
0.46548118389574505, 0.0
0.465481183895745, 5.551115123125783e-17
nan, nan
nan, nan
nan, nan
nan, nan
0.37553226783137583, 8.777083671441753e-17
0.37553226783137583, 8.233634315563857e-17
0.375099045299939, 0.0021223482941942506
0.37497206628210406, 0.002398639730441548
0.3739898550673721, 0.01238753106477084
0.37095067747634675, 0.02614113651767042
nan, nan
nan, nan
nan, nan
nan, nan
nan, nan
nan, nan
nan, nan
nan, nan
nan, nan
nan, nan
nan, nan
nan, nan
nan, nan
nan, nan
nan, nan
nan, nan
nan, nan
nan, nan
nan, nan
0.3755322678313757, 0.0
nan, nan
nan, nan
nan, nan
nan, nan
nan, nan
nan, nan
nan, nan
nan, nan
nan, nan
nan, nan
nan, nan
nan, nan
nan, nan
nan, nan
nan, nan
0.3755322678313759, 0.0
0.3755322678313759, 0.0
0.3755322678313759, 0.0
0.3755322678313759, 0.0
0.3754158101616347, 0.0011170227273517154
nan, nan
nan, nan
nan, nan
nan, nan
nan, nan
nan, nan
nan, nan
nan, nan
nan, nan
nan, nan
nan, nan
nan, nan
nan, nan
nan, nan
nan, nan
nan, nan
nan, nan
nan, nan
nan, nan
nan, nan
nan, nan
nan, nan
nan, nan
nan, nan
nan, nan
nan, nan
nan, nan
nan, nan
nan, nan
nan, nan
nan, nan
nan, nan
nan, nan
nan, nan
nan, nan
0.3007225535311792, 0.0
0.3007225535311792, 0.0
0.3007225535311792, 0.0
0.2863849261452011, 0.04316130066393459
0.2740299968351441, 0.0596897341112296
nan, nan
nan, nan
nan, nan
nan, nan
nan, nan
0.46548118389574505, 0.0
0.465481183895745, 5.551115123125783e-17
0.4654811838957451, 5.551115123125783e-17
0.46548118389574494, 1.1102230246251565e-16
0.46548118389574517, 1.1102230246251565e-16
nan, nan
nan, nan
nan, nan
nan, nan
nan, nan
nan, nan
nan, nan
nan, nan
nan, nan
nan, nan
nan, nan
nan, nan
nan, nan
nan, nan
nan, nan
nan, nan
nan, nan
nan, nan
nan, nan
nan, nan
nan, nan
nan, nan
nan, nan
nan, nan
nan, nan
nan, nan
0.3755322678313759, 0.0
0.3755322678313759, 0.0
0.2952156557067281, 0.07679133410863066
0.2911784754771136, 0.07668066378576509
nan, nan
nan, nan
nan, nan
nan, nan
nan, nan
nan, nan
nan, nan
nan, nan
nan, nan
nan, nan
nan, nan
nan, nan
nan, nan
0.366756080954169, 0.0
0.366756080954169, 0.0
0.366756080954169, 0.0
0.3667560809541691, 1.1102230246251565e-16
0.3617535409978818, 0.028298639409978486
0.35579125448701815, 0.04110097158782642
0.35363243651035464, 0.04466408756945173
nan, nan
nan, nan
nan, nan
nan, nan
nan, nan
nan, nan
nan, nan
nan, nan
nan, nan
nan, nan
nan, nan
nan, nan
nan, nan
nan, nan
nan, nan
nan, nan
0.43278960837715863, 0.0
0.43278960837715863, 0.0
0.43278960837715863, 0.0
0.43278960837715874, 1.1102230246251565e-16
nan, nan
nan, nan
nan, nan
nan, nan
nan, nan
nan, nan
0.46548118389574505, 0.0
0.46548118389574505, 0.0
0.46548118389574505, 0.0
0.4654811838957451, 5.551115123125783e-17
nan, nan
nan, nan
0.366756080954169, 0.0
0.41077843256949576, 0.07624894966640781
0.43719184353869184, 0.08626583898794993
0.43137687033596833, 0.09395933656871662
0.4236735002333477, 0.09260718739973534
0.4263572640171527, 0.09117714800455867
0.4261664282219232, 0.0912681181837524
0.4297335672518952, 0.09085734352744197
nan, nan
nan, nan
nan, nan
nan, nan
nan, nan
0.46548118389574505, 0.0
0.46458150885182764, 0.002011734555859425
0.46527356657791796, 0.001038086589135467
0.46529066447468026, 0.0009960601193095724
0.4653646792137989, 0.0007844264071048874
nan, nan
nan, nan
nan, nan
0.47663560438888863, 0.033104941513293726
0.4711517056802154, 0.04435536233668689
0.4722686403480755, 0.05003404016475856
0.46739358353913824, 0.05330365782931304
0.46379377992105886, 0.05731969779780495
0.45878481152857914, 0.058298085105292954
0.46473116113532725, 0.05744756228092827
nan, nan
nan, nan
nan, nan
nan, nan
nan, nan
0.46548118389574505, 0.0
0.46548118389574517, 1.1102230246251565e-16
0.46548118389574494, 1.1102230246251565e-16
0.46548118389574505, 0.0
0.46548118389574517, 1.1353806011391905e-16
nan, nan
nan, nan
nan, nan
0.5111860795454548, 0.0
0.3653123496873502, 0.20629660715928064
0.38718912366944075, 0.19259489562824997
0.4340080882059574, 0.15896417321898268
0.4557121269136359, 0.1412855023248992
0.4599201757986351, 0.13881850421074188
0.4678004343636453, 0.13051770967115664
nan, nan
nan, nan
nan, nan
0.4656437779921999, 0.00016259409645483225
0.46556248094397246, 0.00014081061803526205
0.46556248094397246, 0.00014081061803526205
0.4655447264161988, 0.0001289403951197525
0.46555530767501124, 0.0001364178990400505
0.4655524891279893, 0.00013454807123511068
0.4655563510058491, 0.00013708888452229989
nan, nan
nan, nan
0.5111860795454548, 0.0
0.5111860795454548, 0.0
0.5149230936061298, 0.044766147693736255
0.5245808491483719, 0.05725243324378855
0.5259719784815794, 0.05784400978206546
0.5268171468759603, 0.05915338597268546
0.5208073799442928, 0.05392535829872411
0.5239715755801645, 0.05644123647179431
nan, nan
nan, nan
0.4658063720886547, 0.0
0.46577927307257894, 8.987726851125561e-05
0.46577121660834014, 0.00010097642951805737
0.465768961057612, 0.00010375953130188238
0.46576520902626106, 0.0001081265192669682
0.4657618200571037, 0.00011181641702005876
0.4657621034669736, 0.00011151646614527823
0.46576427920074004, 0.00010916180166308869
nan, nan
0.5647651579571232, 0.10468202432488141
0.541682265343573, 0.11902385733595179
0.5289146881487142, 0.1088780126114074
0.5411042445226748, 0.1121795342283924
0.5465877159714274, 0.10898488819374805
0.5495137487630641, 0.10812996907129958
0.5580694505871551, 0.10449187013548061
0.5617565067321135, 0.10158640870533645
0.5572979197729117, 0.10368864891880289
nan, nan
nan, nan
nan, nan
0.4658063720886547, 0.0
0.4658063720886547, 0.0
0.4658063720886547, 0.0
0.4657933645609383, 6.372361144051364e-05
0.46578724337142474, 7.651486891992106e-05
0.46578062189238356, 8.780994923398762e-05
0.4657792398222525, 8.992737514670607e-05
nan, nan
0.4600831336322418, 0.0
0.4331247315592016, 0.06603432935973659
0.45338320880340927, 0.09378701739898263
0.4457974452713881, 0.09449407041730368
0.44674426271559436, 0.0953428521764902
0.44654389885180845, 0.09521806277330888
0.4500216539483125, 0.09696180905195444
0.45311403831070146, 0.09834933672199203
0.45379443548887, 0.09627658101846753
nan, nan
nan, nan
0.4658063720886547, 0.0
0.4658063720886547, 0.0
0.4658063720886546, 1.1102230246251565e-16
0.46580637208865494, 2.220446049250313e-16
0.46580637208865483, 1.1102230246251565e-16
0.4658063720886547, 0.0
0.46580554568918103, 1.6372306355276713e-05
0.465803446230878, 3.070657518228466e-05
nan, nan
nan, nan
0.599659166065417, 0.09869515902461161
0.5260917050735906, 0.12345501561948515
0.5196993037761068, 0.11980952544863578
0.5356891695390107, 0.12419382920269235
0.5338873948806806, 0.12480521846695129
0.536337832803733, 0.12408950045638266
0.5373925547595932, 0.12252783688416843
0.5421987862561162, 0.12696045770973421
nan, nan
nan, nan
nan, nan
0.46548118389574505, 0.0
0.4656031294680862, 0.00015743105694030192
0.4656605980711434, 0.00016172175223603733
0.46566107523650374, 0.0001616714122578918
0.46562993174488115, 0.0004749351243404373
0.4656183439057634, 0.0005187025924360065
0.46563524727269445, 0.000326510454728167
nan, nan
nan, nan
0.46008313363224196, 0.0
0.460083133632242, 5.551115123125783e-17
0.46327706775181776, 0.012370053654000733
0.46680818837834526, 0.0474867030428314
0.4707358818634851, 0.05478154469123387
0.47322254718923007, 0.05622150154356338
0.47329477133999903, 0.0575992066371824
0.4716880592959926, 0.05685937210087829
nan, nan
nan, nan
0.4656437779921999, 0.00016259409645483225
0.46566700572026487, 0.00016092642061172805
0.46563727422834167, 0.00016246396910589176
0.46564142155601934, 0.000162577019933601
0.46563403733204367, 0.0001623020632699509
0.46535085285641503, 0.006660822709614036
0.46519220228347996, 0.008307825749428881
0.46562190619749916, 0.00016111630829475444
nan, nan
nan, nan
0.6694471822820046, 0.0
0.6124746227613889, 0.07049142230203045
0.5550523405376374, 0.10422777135357497
0.5407380276965885, 0.11092522046506571
0.5341824335585328, 0.10995738658090913
0.534637850648023, 0.11248607771953802
0.5319947218300125, 0.11327345858627381
0.532283028847051, 0.11289083285451675
nan, nan
nan, nan
nan, nan
nan, nan
nan, nan
nan, nan
nan, nan
nan, nan
nan, nan
0.1457805417401161, 0.0
0.3520819637490599, 0.0
0.3529451471140664, 0.003452733460025667
0.37567205395076386, 0.06712324661614857
0.37546810322968743, 0.06403439451134985
0.3762229566181465, 0.06499853678418886
0.38146024867464556, 0.07009850786106844
0.3850188122384453, 0.07013011892735245
0.38314346703466495, 0.06800451270333029
0.3823809576990079, 0.06602227598100502
0.37828656102810543, 0.05986499350879357
nan, nan
nan, nan
nan, nan
nan, nan
0.46548118389574505, 0.0
0.46548118389574505, 0.0
0.4655107464587369, 9.348503252625067e-05
0.4655137027150361, 9.755645787289933e-05
0.46552133058622774, 0.00010697416965161687
0.4655183482606492, 0.00010346121323974425
nan, nan
0.3520819637490599, 0.0
0.3520819637490599, 0.0
0.35208196374906, 5.551115123125783e-17
0.3520819637490599, 0.0
0.3554814652575044, 0.023976485110204337
0.35449088552817637, 0.02213027349964284
0.3551083815476076, 0.025694185811246443
0.3553837541323082, 0.03230735760344306
0.35595553205522273, 0.03705767268213587
nan, nan
nan, nan
nan, nan
nan, nan
0.46548118389574505, 0.0
0.46548118389574505, 0.0
0.46548118389574517, 1.1102230246251565e-16
0.46548118389574505, 0.0
0.4654837444326973, 2.8741956002175943e-05
0.465482834597232, 2.3109820815915245e-05
nan, nan
nan, nan
nan, nan
nan, nan
0.4600831336322418, 0.0
0.4600831336322418, 0.0
0.45195481592224623, 0.044422125979198125
0.45947310436310956, 0.042157273916803725
0.45964162307804113, 0.0421850597493414
0.46202836120401647, 0.03932392850224149
nan, nan
nan, nan
0.46548118389574505, 0.0
0.46548118389574505, 0.0
0.46548118389574517, 1.1102230246251565e-16
0.46548118389574494, 1.1102230246251565e-16
0.4654811838957451, 5.551115123125783e-17
0.46548118389574505, 0.0
0.4654828472220463, 4.6751010294825065e-05
0.46548118389574517, 1.1102230246251565e-16
nan, nan
nan, nan
nan, nan
nan, nan
nan, nan
nan, nan
0.41176835317460475, 0.0
0.4117683531746047, 5.551115123125783e-17
0.41176835317460475, 0.0
0.41176835317460475, 0.0
nan, nan
0.46548118389574505, 0.0
0.46548118389574505, 0.0
0.46548118389574505, 0.0
0.465481183895745, 5.551115123125783e-17
0.4654811838957451, 5.551115123125783e-17
0.4654837586337182, 5.8145770021268705e-05
0.46548280620290206, 4.6171671122076934e-05
0.4654811838957451, 5.551115123125783e-17
0.46547462490393043, 0.00018804985275208493
nan, nan
nan, nan
nan, nan
nan, nan
nan, nan
nan, nan
0.366756080954169, 0.0
0.366756080954169, 0.0
0.366756080954169, 0.0
0.3667560809541691, 1.1102230246251565e-16
nan, nan
nan, nan
nan, nan
nan, nan
nan, nan
0.46548118389574505, 0.0
0.46548118389574505, 0.0
0.4654811838957451, 5.551115123125783e-17
0.46548118389574505, 0.0
0.4654811838957451, 5.551115123125783e-17
nan, nan
nan, nan
nan, nan
nan, nan
0.4464363710047003, 0.013646762627541498
0.4491657235302086, 0.013371042031343885
0.4640735311069952, 0.06135669133154264
0.4568970866426963, 0.05550663569596652
0.4573547253871192, 0.05291664173965901
0.4603617413119703, 0.05700995730761314
nan, nan
nan, nan
nan, nan
nan, nan
0.46548118389574505, 0.0
0.46548118389574505, 0.0
0.46548118389574505, 0.0
0.4653224177115244, 0.0009120422914075833
0.46521914262081787, 0.0011601061776427709
0.46522937980182066, 0.0011383522538488092
nan, nan
nan, nan
nan, nan
0.3520819637490599, 0.0
0.35890534506283056, 0.06706665055625458
0.3500666295871797, 0.10003860856497565
0.36922247531, 0.0935242934169063
0.3790274362468501, 0.08957915442612888
0.38370691633764087, 0.08374284789630117
0.3831609096477597, 0.07964520087710289
nan, nan
nan, nan
nan, nan
0.46548118389574505, 0.0
0.46548118389574505, 0.0
0.46548118389574505, 0.0
0.46548118389574505, 0.0
0.465481183895745, 5.551115123125783e-17
0.4654903845328378, 0.0001096382444834757
0.46547781735989663, 0.00028221526367414344
nan, nan
nan, nan
nan, nan
nan, nan
0.3520819637490599, 0.0
0.3520819637490599, 0.0
0.3555607236066063, 0.01878165060195545
0.356557912429155, 0.021360773894274463
0.3563575655939774, 0.020924396188812675
0.3564970028612889, 0.022305395423989117