nan, nan
nan, nan
nan, nan
nan, nan
nan, nan
nan, nan
nan, nan
nan, nan
nan, nan
nan, nan
nan, nan
nan, nan
nan, nan
nan, nan
nan, nan
nan, nan
nan, nan
nan, nan
nan, nan
nan, nan
nan, nan
nan, nan
nan, nan
nan, nan
nan, nan
nan, nan
nan, nan
nan, nan
nan, nan
nan, nan
nan, nan
nan, nan
nan, nan
nan, nan
nan, nan
nan, nan
nan, nan
nan, nan
nan, nan
nan, nan
nan, nan
nan, nan
nan, nan
nan, nan
nan, nan
nan, nan
nan, nan
nan, nan
nan, nan
nan, nan
nan, nan
nan, nan
nan, nan
nan, nan
nan, nan
nan, nan
nan, nan
nan, nan
nan, nan
nan, nan
nan, nan
nan, nan
nan, nan
nan, nan
nan, nan
nan, nan
nan, nan
nan, nan
nan, nan
nan, nan
nan, nan
nan, nan
nan, nan
nan, nan
nan, nan
nan, nan
nan, nan
nan, nan
nan, nan
nan, nan
nan, nan
nan, nan
nan, nan
nan, nan
nan, nan
nan, nan
nan, nan
nan, nan
nan, nan
nan, nan
nan, nan
nan, nan
nan, nan
nan, nan
nan, nan
nan, nan
nan, nan
nan, nan
nan, nan
nan, nan
nan, nan
nan, nan
nan, nan
nan, nan
nan, nan
nan, nan
nan, nan
nan, nan
nan, nan
nan, nan
nan, nan
nan, nan
nan, nan
nan, nan
nan, nan
nan, nan
nan, nan
nan, nan
nan, nan
nan, nan
nan, nan
nan, nan
nan, nan
nan, nan
nan, nan
nan, nan
nan, nan
nan, nan
nan, nan
nan, nan
nan, nan
nan, nan
nan, nan
nan, nan
nan, nan
nan, nan
nan, nan
nan, nan
nan, nan
nan, nan
nan, nan
nan, nan
nan, nan
nan, nan
nan, nan
nan, nan
nan, nan
nan, nan
nan, nan
nan, nan
nan, nan
nan, nan
nan, nan
nan, nan
nan, nan
nan, nan
nan, nan
nan, nan
nan, nan
nan, nan
nan, nan
nan, nan
nan, nan
nan, nan
nan, nan
nan, nan
nan, nan
nan, nan
nan, nan
nan, nan
nan, nan
nan, nan
nan, nan
nan, nan
nan, nan
nan, nan
nan, nan
nan, nan
nan, nan
nan, nan
nan, nan
nan, nan
nan, nan
nan, nan
nan, nan
nan, nan
nan, nan
nan, nan
nan, nan
0.45140797, 0.0
nan, nan
nan, nan
nan, nan
nan, nan
nan, nan
nan, nan
nan, nan
nan, nan
nan, nan
nan, nan
nan, nan
nan, nan
nan, nan
nan, nan
nan, nan
nan, nan
nan, nan
nan, nan
nan, nan
0.45140797, 0.0
nan, nan
nan, nan
nan, nan
nan, nan
nan, nan
nan, nan
nan, nan
nan, nan
nan, nan
nan, nan
nan, nan
nan, nan
nan, nan
nan, nan
nan, nan
nan, nan
0.45140797, 0.0
0.45140797, 0.0
0.45140797, 5.3681113e-17
0.45119855, 0.0011471093
nan, nan
nan, nan
nan, nan
nan, nan
nan, nan
nan, nan
nan, nan
nan, nan
nan, nan
nan, nan
nan, nan
nan, nan
nan, nan
nan, nan
nan, nan
nan, nan
nan, nan
0.45140797, 0.0
0.45140797, 0.0
0.4512262, 0.0004452181
nan, nan
nan, nan
nan, nan
nan, nan
nan, nan
nan, nan
nan, nan
nan, nan
nan, nan
nan, nan
nan, nan
nan, nan
nan, nan
nan, nan
nan, nan
nan, nan
nan, nan
0.45140797, 0.0
0.45140797, 5.3681113e-17
0.45140797, 0.0
nan, nan
nan, nan
nan, nan
nan, nan
nan, nan
nan, nan
nan, nan
nan, nan
nan, nan
nan, nan
nan, nan
nan, nan
nan, nan
0.45140797, 0.0
0.45140797, 0.0
0.45140797, 1.0736223e-16
0.4395907, 0.05013648
0.44219732, 0.04414709
0.44239947, 0.04335038
0.4441999, 0.039106946
nan, nan
nan, nan
nan, nan
nan, nan
nan, nan
nan, nan
nan, nan
nan, nan
nan, nan
0.5249495, 0.0
nan, nan
nan, nan
nan, nan
nan, nan
nan, nan
0.45140797, 0.0
0.45140797, 0.0
0.45140797, 5.3681113e-17
0.45140797, 5.3681113e-17
0.45140797, 1.0736223e-16
nan, nan
nan, nan
nan, nan
nan, nan
nan, nan
nan, nan
0.6473775, 0.0
0.6473775, 0.0
0.6155266, 0.05522339
0.59120834, 0.07270587
nan, nan
nan, nan
nan, nan
nan, nan
0.45045012, 0.0
0.45045012, 0.0
0.45045012, 0.0
0.45045012, 0.0
0.45042494, 8.5312946e-05
0.45042077, 9.147834e-05
nan, nan
nan, nan
0.4849325, 0.04001696
0.46778238, 0.03615564
0.4689257, 0.036676154
0.4752677, 0.051529534
0.47580042, 0.056223214
0.4756034, 0.055937998
0.47997898, 0.057849534
0.4796283, 0.05770869
nan, nan
nan, nan
nan, nan
nan, nan
nan, nan
0.45032436, 0.00015405708
0.4503558, 0.00014410721
0.45035762, 0.00014328567
0.45036173, 0.00014136554
0.4503621, 0.00014118526
nan, nan
nan, nan
0.36899233, 0.07592323
0.3647291, 0.09591143
0.38587987, 0.09758465
0.39011806, 0.097117946
0.395507, 0.09718378
0.38885775, 0.09765395
0.39108542, 0.096731424
0.3842125, 0.09829651
nan, nan
nan, nan
nan, nan
nan, nan
0.45013565, 0.0
0.45013565, 0.0
0.45018804, 0.00011719519
0.45017853, 0.000107917236
0.45017922, 0.00010861204
0.45017496, 0.00010400042
nan, nan
0.2624279, 0.0
0.2624279, 0.0
0.26992851, 0.04373573
0.27223307, 0.048714288
0.2708763, 0.04443888
0.27162388, 0.04613208
0.27239847, 0.04791024
0.27334678, 0.054545037
0.27945885, 0.06322202
nan, nan
nan, nan
nan, nan
nan, nan
nan, nan
nan, nan
nan, nan
nan, nan
nan, nan
nan, nan
nan, nan
nan, nan
nan, nan
nan, nan
0.2624279, 0.0
0.2624279, 0.0
0.2624279, 0.0
0.2638088, 0.022385068
0.26410207, 0.024246419
0.26502717, 0.024413949
nan, nan
nan, nan
nan, nan
nan, nan
nan, nan
0.45045012, 0.0
0.45045012, 0.0
0.4502929, 0.00015723385
0.45029917, 0.00015710802
0.4502778, 0.0001565093
nan, nan
0.2979038, 0.035475887
0.3097291, 0.03344699
0.29435623, 0.03529806
0.28188244, 0.05431905
0.28114995, 0.05105351
0.28068748, 0.04881193
0.27932164, 0.049667325
0.2766657, 0.048763245
0.27153093, 0.049843498
nan, nan
nan, nan
nan, nan
nan, nan
nan, nan
nan, nan
nan, nan
nan, nan
nan, nan
nan, nan
nan, nan
0.2624279, 0.0
0.2624279, 0.0
0.2624279, 5.3681113e-17
0.2624279, 0.0
0.2674797, 0.034172732
0.26669705, 0.03179963
0.2676379, 0.03416171
0.27120242, 0.047856864
0.2724601, 0.047879912
nan, nan
nan, nan
0.45013565, 0.0
0.45013565, 0.0
0.45013565, 0.0
0.45013565, 5.3681113e-17
0.45013565, 5.3681113e-17
0.45013565, 1.0736223e-16
0.45013565, 5.3681113e-17
0.45013565, 1.0736223e-16
nan, nan
nan, nan
nan, nan
nan, nan
nan, nan
nan, nan
nan, nan
nan, nan
nan, nan
nan, nan
nan, nan
nan, nan
0.45013565, 0.0
0.45013565, 0.0
0.45013565, 5.3681113e-17
0.45013565, 1.0736223e-16
0.45013565, 1.0736223e-16
0.45013565, 5.3681113e-17
0.45013565, 5.3681113e-17
0.45013565, 1.0736223e-16
nan, nan
nan, nan
0.35466522, 0.0
0.35466522, 0.0
0.3772278, 0.039079543
0.38418108, 0.05049525
0.37128264, 0.055582587
0.36374885, 0.059010003
0.364649, 0.0581721
0.36618808, 0.05728296
nan, nan
nan, nan
nan, nan
nan, nan
nan, nan
nan, nan
0.45013565, 0.0
0.4502929, 0.00015723385
0.4502929, 0.00015723385
0.45027238, 0.0001558906
nan, nan
nan, nan
nan, nan
0.38474867, 0.042544417
0.38737762, 0.05098524
0.38738838, 0.05624423
0.3878772, 0.057071473
0.38549104, 0.05900887
0.3842869, 0.060589883
0.38268933, 0.064213656
nan, nan
nan, nan
nan, nan
0.45013565, 0.0
0.45013565, 0.0
0.45013565, 1.0736223e-16
0.45013565, 1.0736223e-16
0.45013565, 7.279648e-17
0.45013565, 1.6986956e-16
0.45013565, 1.225152e-16
nan, nan
nan, nan
nan, nan
nan, nan
nan, nan
nan, nan
nan, nan
0.44491556, 0.0
0.44491556, 0.0
0.44491556, 0.0
nan, nan
nan, nan
nan, nan
nan, nan
0.45013565, 4.586516e-16
0.45013565, 4.2608063e-16
0.45013565, 4.031971e-16
0.45013565, 3.9016267e-16
0.45013565, 3.9272566e-16
0.45013565, 3.940741e-16
nan, nan
nan, nan
nan, nan
nan, nan
nan, nan
0.394469, 0.051004793
0.4176576, 0.07930497
0.42298493, 0.08616861
0.41905808, 0.08865226
0.41949335, 0.08586358
nan, nan
nan, nan
nan, nan
0.45013565, 0.0
0.45013565, 0.0
0.45016426, 9.040311e-05
0.45017597, 0.00010513223
0.45017666, 0.000105906794
0.45017487, 0.000103874016
0.45017305, 0.00010177385
nan, nan
nan, nan
0.43271217, 0.09223731
0.3773698, 0.07378985
0.36217776, 0.059435826
0.36435425, 0.06033677
0.3706106, 0.068614684
0.37154445, 0.069155455
0.3716949, 0.07040663
0.3732279, 0.07442649
nan, nan
nan, nan
nan, nan
nan, nan
0.45045012, 0.0
0.45045012, 0.0
0.45045012, 0.0
0.45043582, 6.550328e-05
0.45043045, 7.6120516e-05
0.45043162, 7.399241e-05
nan, nan
0.34047484, 0.0
0.37031505, 0.047181495
0.3784533, 0.050240744
0.38840926, 0.059687138
0.3897011, 0.06012508
0.39304194, 0.06188685
0.3965198, 0.061916713
0.40045986, 0.06395037
0.4019801, 0.06503278
nan, nan
nan, nan
nan, nan
nan, nan
nan, nan
nan, nan
0.45013565, 4.8313e-16
0.45013565, 4.4236979e-16
0.45013565, 4.1899845e-16
0.45013565, 4.192629e-16
nan, nan
nan, nan
0.39269522, 0.05222035
0.39617658, 0.05210417
0.38939422, 0.05359622
0.39354473, 0.054747034
0.3916692, 0.05606601
0.3876627, 0.056238685
0.3913036, 0.05746568
0.39779177, 0.05988751
nan, nan
nan, nan
nan, nan
0.45045012, 0.0
0.45045012, 0.0
0.45045012, 0.0
0.45045012, 5.3681113e-17
0.45045012, 0.0
0.45045012, 0.0
0.45045012, 0.0
nan, nan
nan, nan
0.2624279, 0.0
0.3280583, 0.11367517
0.32692954, 0.09958347
0.3241367, 0.09111813
0.32554412, 0.09039317
0.32345265, 0.09036626
0.32149568, 0.09012046
0.31475312, 0.083232075
nan, nan
nan, nan
nan, nan
nan, nan
0.45045012, 0.0
0.45045012, 0.0
0.45045012, 0.0
0.45042917, 7.8442026e-05
0.45043007, 7.687147e-05
0.45042944, 7.793578e-05
nan, nan
nan, nan
0.47159353, 0.037728354
0.44554797, 0.05252326
0.4527336, 0.03745563
0.45086318, 0.044428676
0.45002162, 0.04874637
0.44905996, 0.05575772
0.4484992, 0.051348243
0.44876903, 0.061392933
nan, nan
nan, nan
0.45013565, 0.0
0.45013565, 0.0
0.45015416, 7.399241e-05
0.45015734, 7.96847e-05
0.45015788, 8.0590245e-05
0.4501563, 7.786568e-05
0.45015708, 7.921765e-05
0.45015728, 7.9593985e-05
nan, nan
nan, nan
0.44491556, 0.0
0.42590564, 0.068883196
0.41783124, 0.076767065
0.41771328, 0.082383655
0.42055812, 0.080248095
0.42278177, 0.08112942
0.42575258, 0.07874145
0.4218711, 0.079700306
nan, nan
nan, nan
nan, nan
nan, nan
0.45013565, 0.0
0.45013565, 0.0
0.45013565, 5.3681113e-17
0.4501422, 4.4914206e-05
0.45010823, 0.00041931562
0.45009845, 0.000495841
nan, nan
nan, nan
nan, nan
0.44491556, 0.0
0.44491556, 1.0736223e-16
0.43768126, 0.042847317
0.4409928, 0.040304597
0.44115844, 0.03919637
0.44114822, 0.038284954
0.44302925, 0.035329632
nan, nan
nan, nan
nan, nan
nan, nan
nan, nan
nan, nan
nan, nan
nan, nan
0.45013565, 0.0
0.33865556, 0.10862489
nan, nan
nan, nan
nan, nan
0.42235297, 0.039079543
0.4170316, 0.0515241
0.42084166, 0.04819214
0.42423916, 0.048649777
0.42227677, 0.050538275
0.4240377, 0.051589604
0.42511195, 0.052315507
nan, nan
nan, nan
nan, nan
nan, nan
nan, nan
nan, nan
nan, nan
nan, nan
nan, nan
nan, nan
nan, nan
nan, nan
0.44491556, 0.0
0.44491556, 5.3681113e-17
0.44522473, 0.0013826161
0.4381021, 0.032192633
0.43842292, 0.03111992
0.43814337, 0.03726395
0.43758783, 0.036243733
0.43908295, 0.037907667
nan, nan
nan, nan
nan, nan
nan, nan
nan, nan
0.4502929, 0.00015723385
0.4502929, 0.00015723385
0.4502587, 0.00015347353
0.45026627, 0.00015496598
0.4502676, 0.00015519232
nan, nan
nan, nan
0.44491556, 0.0
0.44491556, 0.0
0.44491556, 6.4161204e-17
0.43303236, 0.038900655
0.431405, 0.03991588
0.4317808, 0.038224913
0.43144628, 0.03887146
0.43140054, 0.039262775
nan, nan
nan, nan
nan, nan
nan, nan
0.45045012, 0.0
0.45045012, 0.0
0.45045012, 0.0
0.45045012, 1.0736223e-16
0.45045012, 1.6104334e-16
0.45045012, 0.0
nan, nan
0.34047484, 0.0
0.34047484, 0.0
0.3416574, 0.003922007
0.34709203, 0.023371097
0.34793124, 0.027644724
0.34878105, 0.028746039
0.34805924, 0.030495906
0.3513936, 0.03682514
0.35174295, 0.03640483
nan, nan
nan, nan
nan, nan
nan, nan
nan, nan
0.45013565, 2.806518e-16
0.45013565, 3.008059e-16
0.45013565, 2.9803185e-16
0.45013565, 2.9646362e-16
0.4501364, 1.5112313e-05
nan, nan
nan, nan
nan, nan
0.34047484, 0.0
0.34047484, 0.0
0.34373865, 0.01817191
0.34883013, 0.02833405
0.34987053, 0.03248026
0.3507878, 0.035041325
0.34880468, 0.032403883
nan, nan
nan, nan
nan, nan
0.45013565, 0.0
0.45013565, 0.0
0.45013565, 0.0
0.45013565, 1.6104334e-16
0.45013565, 5.3681113e-17
0.44912744, 0.021529824
0.44838375, 0.028304225
nan, nan
nan, nan
nan, nan
nan, nan
nan, nan
0.34047484, 0.0
0.34047484, 0.0
0.34047484, 0.0
0.34047484, 5.3681113e-17
0.34047484, 5.3681113e-17
nan, nan
nan, nan
0.45013565, 2.9646362e-16
0.45013565, 2.6686742e-16
0.45013565, 2.761231e-16
0.45013565, 2.570722e-16
0.45013565, 2.472959e-16
0.45013565, 2.4050463e-16
0.45013565, 2.4123488e-16
0.45013565, 2.4146286e-16
nan, nan
nan, nan
nan, nan
nan, nan
nan, nan
nan, nan
nan, nan
nan, nan
nan, nan
nan, nan
nan, nan
nan, nan
nan, nan
nan, nan
0.45013565, 0.0
0.45013565, 0.0
0.45013565, 0.0
0.45013565, 0.0
0.45013565, 1.0736223e-16
0.45013565, 1.1113734e-16
nan, nan
nan, nan
nan, nan
nan, nan
nan, nan
nan, nan
nan, nan
nan, nan
nan, nan
nan, nan
nan, nan
nan, nan
nan, nan
0.45013565, 0.0
0.45013565, 0.0
0.45013565, 0.0
0.45013565, 0.0
0.45013565, 1.181735e-16
0.45013565, 1.2073381e-16
0.45013565, 8.4590706e-17
nan, nan
nan, nan
nan, nan
nan, nan
nan, nan
nan, nan
nan, nan
0.34047484, 0.0
0.34047484, 0.0
0.34047484, 0.0
nan, nan
nan, nan
nan, nan
nan, nan
0.45013565, 0.0
0.45013565, 0.0
0.45013565, 0.0
0.45013565, 1.1364028e-16
0.44681528, 0.030612318
0.44595173, 0.03431063
nan, nan
nan, nan
nan, nan
nan, nan
nan, nan
nan, nan
nan, nan
nan, nan
nan, nan
nan, nan
nan, nan
0.45013565, 0.0
0.45013565, 0.0
0.45013565, 1.0736223e-16
0.45013565, 1.0736223e-16
0.45013565, 0.0
0.45013565, 1.0736223e-16
0.45013565, 1.0736223e-16
0.45013565, 5.3681113e-17
0.45013565, 1.0736223e-16
nan, nan
nan, nan
nan, nan
nan, nan
nan, nan
nan, nan
0.35466522, 0.0
0.35466522, 0.0
0.35375017, 0.0030348864
0.35318458, 0.0040921094
nan, nan
nan, nan
nan, nan
nan, nan
nan, nan
nan, nan
nan, nan
nan, nan
nan, nan
nan, nan
nan, nan
nan, nan
nan, nan
nan, nan
0.19502372, 0.0
0.2921424, 0.12484635
0.2987078, 0.12240735
0.2913722, 0.11715994
0.2950302, 0.116001144
0.297716, 0.11502926
nan, nan
nan, nan
nan, nan
nan, nan
nan, nan
nan, nan
nan, nan
nan, nan
nan, nan
nan, nan
nan, nan
0.19502372, 0.0
0.19502372, 2.6840557e-17
0.22562167, 0.08637008
0.22822917, 0.09846143
0.23350096, 0.105198205
0.22909606, 0.101222746
0.22388421, 0.09179851
0.2266105, 0.09883057
0.22652061, 0.10171963
nan, nan
nan, nan
nan, nan
0.45045012, 0.0
0.45038724, 0.00012578708
0.45036277, 0.0001408511
0.45034975, 0.00014658814
0.45034385, 0.00014874476
0.45034117, 0.0001496346
0.45034078, 0.00014976374
nan, nan
nan, nan
0.53342825, 0.06486077
0.53963244, 0.06664468
0.54284483, 0.0634914
0.542272, 0.06612497
0.5431041, 0.07000449
0.5407385, 0.072906636
0.5385472, 0.07197532
0.5375372, 0.070304774
nan, nan
nan, nan
nan, nan
nan, nan
0.45045012, 0.0
0.45045012, 1.8979139e-16
0.45042393, 8.691428e-05
0.4504152, 9.8827666e-05
0.45042032, 9.213169e-05
0.45041984, 9.2757175e-05
nan, nan
0.4849325, 0.04001696
0.43214345, 0.079994045
0.4289777, 0.07575995
0.42741725, 0.07736877
0.43329847, 0.076485924
0.43399632, 0.07471885
0.4348661, 0.072654925
0.43474606, 0.07302986
0.44404945, 0.07170133
nan, nan
0.45045012, 0.0
0.45045012, 1.6326474e-16
0.45045012, 1.7256064e-16
0.45045012, 2.0264175e-16
0.45044777, 2.6964643e-05
0.45044756, 2.8277127e-05
0.4504468, 3.2072578e-05
0.45044693, 3.150428e-05
0.45044652, 3.3499018e-05
nan, nan
nan, nan
nan, nan
nan, nan
0.49511433, 0.10357834
0.49938694, 0.084066086
0.5027573, 0.08383059
0.5083825, 0.0787392
0.50701773, 0.08038761
0.5110909, 0.07857572
nan, nan
0.45038724, 0.00012578708
0.45036435, 0.0001400519
0.45035484, 0.00014451936
0.4503515, 0.0001458882
0.45035532, 0.00014430204
0.45035192, 0.00014572756
0.45034432, 0.00014858974
0.4503433, 0.00015445835
0.45034727, 0.00014752537
0.44491556, 0.0
0.46048957, 0.0539499
0.4696069, 0.06491154
0.46845722, 0.06296077
0.46943614, 0.06452027
0.47132695, 0.0676254
0.47114888, 0.068887144
0.47324467, 0.072379656
0.4725385, 0.07149243
0.46862993, 0.066412434
nan, nan
nan, nan
nan, nan
0.45045012, 0.0
0.45045012, 0.0
0.45045012, 2.1134275e-16
0.45045012, 9.8119165e-17
0.45044574, 3.6928748e-05
0.45044488, 4.0352432e-05
0.45044807, 2.5389492e-05
nan, nan
nan, nan
0.49433377, 0.0
0.45730036, 0.04806864
0.45854092, 0.05820195
0.4639464, 0.061700206
0.45947647, 0.066641934
0.458794, 0.06943664
0.4633928, 0.06991229
0.4635149, 0.06463564
nan, nan
nan, nan
0.45013565, 0.0
0.45013565, 0.0
0.45017758, 0.000106898464
0.45019156, 0.00012022905
0.4502026, 0.00016177366
0.45019412, 0.00015745287
0.4501816, 0.00013029829
0.4501693, 0.000111681074
nan, nan
0.49433377, 0.0
0.49433377, 0.0
0.48445013, 0.019767294
0.48197922, 0.021398723
0.48308688, 0.020719783
0.48176837, 0.022192845
0.482219, 0.022670258
0.4821013, 0.023100171
0.4836426, 0.023747267
nan, nan
nan, nan
0.45013565, 0.0
0.45013565, 0.0
0.4501671, 9.434031e-05
0.45017758, 0.000106898464
0.45017892, 0.000108316526
0.4501737, 0.0001025681
0.45017838, 0.000107782354
0.45017177, 0.000100267585
0.6473775, 0.0
0.6473775, 0.0
0.6473775, 0.0
0.62873924, 0.05108443
0.6243822, 0.056079872
0.62535405, 0.056438923
0.6262671, 0.055741556
0.62504214, 0.056237303
0.6219616, 0.060735736
0.6233051, 0.06052249
nan, nan
nan, nan
nan, nan
nan, nan
nan, nan
0.45013565, 0.0
0.45013565, 0.0
0.45013565, 0.0
0.45013565, 5.3681113e-17
0.45013565, 5.3681113e-17
nan, nan
nan, nan
nan, nan
0.6473775, 0.0
0.6184544, 0.07084692
0.58535653, 0.11445881
0.5987935, 0.10718582
0.5986348, 0.10280497
0.59834963, 0.10099201
0.59958094, 0.09857418
nan, nan
nan, nan
nan, nan
nan, nan
nan, nan
0.45013565, 0.0
0.45013565, 7.591656e-17
0.45014873, 6.283892e-05
0.45014462, 5.238989e-05
0.45014167, 4.298534e-05
nan, nan
0.6473775, 0.0
0.6473775, 0.0
0.6473775, 0.0
0.6408465, 0.03577193
0.63385564, 0.047995597
0.6296904, 0.053770527
0.6295832, 0.05370484
0.62999296, 0.051748395
0.6259283, 0.056594342
nan, nan
nan, nan
0.45013565, 0.0
0.4502929, 0.00015723385
0.45020553, 0.00013073672
0.45017904, 0.00010843714
0.4484394, 0.016469609
0.44804147, 0.018200902
0.4476575, 0.019700253
0.44697297, 0.02217187
nan, nan
nan, nan
0.44491556, 0.0
0.44491556, 7.962196e-17
0.44491556, 1.2689918e-16
0.44588453, 0.0068517583
0.44535503, 0.017590225
0.44565436, 0.021709003
0.4442496, 0.019372215
0.44246808, 0.024866391
nan, nan
nan, nan
nan, nan
nan, nan
0.45013565, 0.0
0.45013565, 9.2978416e-17
0.45013565, 9.2978416e-17
0.45013565, 1.0519307e-16
0.45013565, 1.4659791e-16
0.45013687, 1.9539926e-05
nan, nan
nan, nan
nan, nan
0.46962467, 0.024709117
0.48068964, 0.03127564
0.47535405, 0.030073589
0.4747749, 0.039583176
0.47482044, 0.041221168
0.47299108, 0.04231977
0.47376004, 0.040496983
nan, nan
nan, nan
nan, nan
nan, nan
nan, nan
0.4502929, 0.00015723385
0.4502614, 0.00015405708
0.45023495, 0.00014617387
0.45024046, 0.0001482415
0.45024046, 0.0001482415
nan, nan
0.47786105, 0.023295978
0.47668442, 0.023679113
0.47288814, 0.024492657
0.47162566, 0.037778787
0.47292763, 0.03912515
0.47512355, 0.044241253
0.47568506, 0.0493632
0.4719831, 0.047673874
0.47755533, 0.0515382
nan, nan
0.45013565, 0.0
0.45013565, 0.0
0.4501806, 0.000110040775
0.45017338, 0.00010218991
0.45016316, 8.8857996e-05
0.45015955, 8.333335e-05
0.45015255, 7.092828e-05
0.45015475, 7.5099175e-05
0.45015365, 7.3035415e-05
0.49433377, 0.0
0.48197922, 0.021398723
0.47668442, 0.023679113
0.47647238, 0.035607107
0.47582847, 0.03343646
0.47343498, 0.033891518
0.4742047, 0.03283211
0.4771693, 0.03511798
0.47783402, 0.03746434
0.47711882, 0.035296865
nan, nan
nan, nan
0.45045012, 0.0
0.45038724, 0.00012578708
0.4504108, 0.00010400042
0.45039773, 0.00011719519
0.45039085, 0.00012296815
0.45038313, 0.00012874891
0.45038158, 0.00012983238
0.45036837, 0.00013793189
nan, nan
nan, nan
0.44491556, 0.0
0.44491556, 0.0
0.4492526, 0.06911665
0.45166814, 0.06881452
0.45591053, 0.06700696
0.4539159, 0.06956622
0.44928336, 0.06946323
0.44849548, 0.069981985
nan, nan
0.45013565, 0.0
0.45020553, 0.00013073672
0.45024797, 0.00015067954
0.4502381, 0.0001473875
0.4502215, 0.00014010795
0.45021003, 0.00013363284
0.45020598, 0.00013103567
0.45019838, 0.0001256655
0.44999185, 0.005481136
nan, nan
0.5249495, 0.0
0.4564384, 0.10183727
0.44171873, 0.10450608
0.44214442, 0.10459828
0.44180697, 0.10713797
0.44235918, 0.10779946
0.43864667, 0.1059845
0.43533012, 0.106618285
0.4319924, 0.10444118
nan, nan
nan, nan
0.45013565, 0.0
0.45013565, 0.0
0.45018804, 0.00011719519
0.45020446, 0.00013000052
0.45019436, 0.00012253036
0.45019, 0.00011891859
0.45018393, 0.00011337541
0.45017302, 0.000101760656
nan, nan
0.4849325, 0.04001696
0.4749283, 0.038746256
0.46298775, 0.03346317
0.46541363, 0.050547753
0.4634738, 0.055838518
0.4632003, 0.05949185
0.466122, 0.05479991
0.46893066, 0.05912617
0.46586066, 0.063667044
nan, nan
nan, nan
nan, nan
nan, nan
nan, nan
nan, nan
nan, nan
0.4503453, 0.0001482415
0.4503453, 0.0001482415
0.45033115, 0.00015251138
nan, nan
nan, nan
nan, nan
0.32096314, 0.033795323
0.31260094, 0.037396777
0.33428857, 0.061279945
0.34171396, 0.06787327
0.34995174, 0.073784135
0.35043606, 0.07524628
0.3564411, 0.07662958