nan, nan
nan, nan
nan, nan
nan, nan
nan, nan
nan, nan
nan, nan
nan, nan
nan, nan
nan, nan
nan, nan
nan, nan
nan, nan
nan, nan
nan, nan
nan, nan
nan, nan
nan, nan
nan, nan
nan, nan
nan, nan
nan, nan
nan, nan
nan, nan
nan, nan
nan, nan
nan, nan
nan, nan
nan, nan
nan, nan
nan, nan
nan, nan
nan, nan
nan, nan
nan, nan
nan, nan
nan, nan
nan, nan
nan, nan
nan, nan
nan, nan
nan, nan
nan, nan
nan, nan
nan, nan
nan, nan
nan, nan
nan, nan
nan, nan
nan, nan
nan, nan
nan, nan
nan, nan
nan, nan
nan, nan
nan, nan
nan, nan
nan, nan
nan, nan
nan, nan
nan, nan
nan, nan
nan, nan
nan, nan
nan, nan
nan, nan
nan, nan
nan, nan
nan, nan
nan, nan
nan, nan
nan, nan
nan, nan
nan, nan
nan, nan
nan, nan
nan, nan
nan, nan
nan, nan
nan, nan
nan, nan
nan, nan
nan, nan
nan, nan
nan, nan
nan, nan
nan, nan
nan, nan
nan, nan
nan, nan
nan, nan
nan, nan
nan, nan
nan, nan
nan, nan
nan, nan
nan, nan
nan, nan
nan, nan
nan, nan
nan, nan
nan, nan
nan, nan
nan, nan
nan, nan
nan, nan
nan, nan
nan, nan
nan, nan
nan, nan
nan, nan
nan, nan
nan, nan
nan, nan
nan, nan
nan, nan
nan, nan
nan, nan
nan, nan
nan, nan
nan, nan
nan, nan
nan, nan
nan, nan
nan, nan
nan, nan
nan, nan
nan, nan
nan, nan
nan, nan
nan, nan
nan, nan
nan, nan
nan, nan
nan, nan
nan, nan
nan, nan
nan, nan
nan, nan
nan, nan
nan, nan
nan, nan
nan, nan
nan, nan
nan, nan
nan, nan
nan, nan
nan, nan
nan, nan
nan, nan
nan, nan
nan, nan
nan, nan
nan, nan
nan, nan
nan, nan
nan, nan
nan, nan
nan, nan
nan, nan
nan, nan
nan, nan
nan, nan
nan, nan
nan, nan
nan, nan
nan, nan
nan, nan
nan, nan
nan, nan
nan, nan
nan, nan
nan, nan
nan, nan
nan, nan
nan, nan
nan, nan
nan, nan
nan, nan
nan, nan
nan, nan
nan, nan
nan, nan
nan, nan
nan, nan
nan, nan
nan, nan
nan, nan
nan, nan
nan, nan
nan, nan
nan, nan
nan, nan
nan, nan
nan, nan
nan, nan
nan, nan
nan, nan
nan, nan
nan, nan
nan, nan
nan, nan
nan, nan
nan, nan
nan, nan
nan, nan
nan, nan
nan, nan
nan, nan
nan, nan
nan, nan
nan, nan
nan, nan
nan, nan
nan, nan
nan, nan
nan, nan
nan, nan
nan, nan
nan, nan
nan, nan
nan, nan
nan, nan
nan, nan
nan, nan
0.4654811838957453, 0.0
0.4654811838957453, 0.0
0.4654811838957452, 5.551115123125783e-17
0.4654811838957452, 5.551115123125783e-17
0.4654811838957451, 1.6653345369377348e-16
nan, nan
nan, nan
nan, nan
nan, nan
nan, nan
nan, nan
nan, nan
nan, nan
nan, nan
nan, nan
nan, nan
nan, nan
nan, nan
nan, nan
nan, nan
nan, nan
nan, nan
nan, nan
nan, nan
0.4654811838957453, 0.0
nan, nan
nan, nan
nan, nan
nan, nan
nan, nan
nan, nan
nan, nan
0.3667560809541694, 0.0
0.3667560809541694, 0.0
0.3667560809541694, 0.0
nan, nan
nan, nan
nan, nan
nan, nan
0.4654811838957453, 0.0
0.4654811838957453, 0.0
0.4654811838957452, 5.551115123125783e-17
0.4654840364237533, 3.03227886596748e-05
0.4654840616673639, 3.045547213210104e-05
0.465484819540138, 3.419138370985849e-05
nan, nan
nan, nan
nan, nan
nan, nan
nan, nan
nan, nan
nan, nan
nan, nan
0.46008313363224196, 0.0
0.4245440896529072, 0.09341908887355979
nan, nan
nan, nan
nan, nan
nan, nan
nan, nan
nan, nan
nan, nan
nan, nan
0.4654811838957453, 0.0
0.4654811838957453, 0.0
nan, nan
nan, nan
nan, nan
nan, nan
nan, nan
nan, nan
nan, nan
nan, nan
nan, nan
nan, nan
nan, nan
nan, nan
nan, nan
nan, nan
0.4654811838957453, 0.0
0.4654811838957453, 0.0
0.4654811838957452, 5.551115123125783e-17
0.4654811838957453, 0.0
0.4654811838957454, 1.1102230246251565e-16
0.4654811838957453, 0.0
nan, nan
nan, nan
nan, nan
nan, nan
nan, nan
nan, nan
nan, nan
nan, nan
nan, nan
nan, nan
nan, nan
nan, nan
nan, nan
nan, nan
nan, nan
0.4654811838957453, 0.0
0.4654811838957453, 0.0
0.4648064276128072, 0.0017852373202323147
0.46465071462443686, 0.001947623079096817
0.4649480431289794, 0.0016104910988072659
nan, nan
nan, nan
nan, nan
0.5111860795454544, 0.0
0.5111860795454544, 0.0
0.5111860795454543, 1.1102230246251565e-16
0.5111860795454543, 1.1102230246251565e-16
0.5142477411689782, 0.027943824108891895
0.5143071909092407, 0.028210530557787487
0.5153002326783205, 0.030209777373285757
nan, nan
nan, nan
nan, nan
nan, nan
0.46580637208865433, 0.0
0.46580637208865433, 0.0
0.46577024006722006, 0.00010219678949683096
0.4657827220382609, 8.444757110792679e-05
0.46578150475625546, 8.641862452412673e-05
0.46578339305146815, 8.333351923083592e-05
nan, nan
nan, nan
0.3520819637490599, 0.0
0.43147984359267744, 0.06924501156818975
0.4364567086513933, 0.06841544616947641
0.44113366064527715, 0.07531239147487426
0.44891983805046315, 0.08018667365883449
0.4502280282017349, 0.0801871600101862
0.4468616341494128, 0.08146330648980579
0.445384136605153, 0.07914301719998966
nan, nan
nan, nan
nan, nan
nan, nan
nan, nan
nan, nan
0.46580637208865433, 0.0
0.46580637208865433, 0.0
0.46008130842024936, 0.04048231342653897
0.46385985044139677, 0.023760324744480626
nan, nan
0.4024140193893736, 0.057669114242867775
0.3916139024010555, 0.05594500084313027
0.4209865955638865, 0.0791726695873167
0.4291185372629378, 0.07680190015768905
0.4315687838953699, 0.07751882865878974
0.4334100923133282, 0.07813769414813457
0.43015423886012355, 0.07839424289394391
0.43276010033744766, 0.08197840792594834
0.43841220108816775, 0.070294909529793
nan, nan
nan, nan
nan, nan
nan, nan
0.46580637208865433, 0.0
0.46580637208865433, 0.0
0.46577680952566264, 9.348503252607513e-05
0.4657860478265975, 7.871552847000316e-05
0.4657818955580055, 8.579264664199892e-05
0.4657783757541655, 9.121558351344022e-05
nan, nan
nan, nan
0.5014643105238588, 0.041381176891616855
0.5372850570297701, 0.06492938455192251
0.525349670154461, 0.08076045779918369
0.5186034900909238, 0.09050849665560422
0.5228944909872314, 0.0967001991730066
0.5192364352370117, 0.09952498673591202
0.5086025186446247, 0.10297991683931486
0.509183827928213, 0.10821738233725374
nan, nan
nan, nan
nan, nan
0.4654811838957453, 0.0
0.4654811838957453, 0.0
0.46553538192789684, 0.00012119048413749325
0.46552397181586475, 0.00010992415709875315
0.4655272522230741, 0.00011339570243848637
0.4655269977019287, 0.00011313356710559693
0.46552163018839565, 0.00010731614150577533
nan, nan
nan, nan
nan, nan
0.5428454874154757, 0.0
0.4548007841848223, 0.08865401640562294
0.46429081612022705, 0.09499525308575184
0.45761717179086564, 0.09245308025596015
0.45847657302779876, 0.09170737939278252
0.46090695366593776, 0.09357783542480297
0.46174764967331705, 0.09222714913090621
nan, nan
nan, nan
nan, nan
nan, nan
nan, nan
nan, nan
nan, nan
nan, nan
0.1457805417401159, 0.0
0.1457805417401159, 0.0
0.3520819637490599, 0.0
0.3520819637490599, 0.0
0.3694241022641886, 0.05484065720593713
0.362122149205187, 0.04259689932238832
0.36569220225763566, 0.04765957908666948
0.3670967948530417, 0.050208721173368935
0.3700984898634265, 0.055692087131406554
0.37048036804361567, 0.05842502400423139
0.36419631468358377, 0.04716797777719347
0.3638368531565961, 0.04825326372459646
nan, nan
nan, nan
nan, nan
nan, nan
nan, nan
nan, nan
nan, nan
nan, nan
0.46580637208865433, 0.0
0.4657657235645407, 0.00010754588596648178
nan, nan
nan, nan
0.3679848659549859, 0.03761639713395205
0.36332463347848465, 0.032272225580731534
0.3666201104668933, 0.03629621836703187
0.362959567519882, 0.031744624515696866
0.3631255947322978, 0.032886467533683766
0.3632671551374843, 0.03237157792735422
0.36318978270109475, 0.03329877293721846
0.3656249285012143, 0.03862804080695768
nan, nan
nan, nan
nan, nan
nan, nan
nan, nan
nan, nan
nan, nan
nan, nan
0.35004767102950574, 0.11543351286623957
0.3885255086515856, 0.10883175963187011
0.3520819637490599, 0.0
0.35208196374905987, 5.551115123125783e-17
0.35219641704417365, 0.000605629911205989
0.35228941034645367, 0.0008034372169334255
0.3523117507492499, 0.0008425523340300384
0.35234987460204514, 0.0010275378232058137
0.3521471440076433, 0.004228389969463546
0.35210863794270353, 0.01193987583087115
0.35317292739477757, 0.013363249315101855
0.35318381678789884, 0.017560880342398194
nan, nan
nan, nan
nan, nan
0.4654811838957453, 0.0
0.4654811838957453, 0.0
0.4654811838957452, 5.551115123125783e-17
0.4654811838957451, 1.6653345369377348e-16
0.465483216321951, 2.5627919321807205e-05
0.4654826132943955, 2.151233096360708e-05
0.4654823736086462, 1.9633266960274968e-05
nan, nan
nan, nan
nan, nan
nan, nan
0.40608254869065086, 0.054000584941590934
0.42408274367118115, 0.05091223973365215
0.420293228938438, 0.05209721432983851
0.4209792617779863, 0.05190521277509212
0.4183103987828591, 0.05342980616730799
0.4169379517663955, 0.05508765704264094
nan, nan
nan, nan
nan, nan
nan, nan
0.4654811838957453, 0.0
0.4654811838957453, 0.0
0.4654811838957453, 0.0
0.4654811838957453, 0.0
0.4654811838957453, 0.0
0.4654811838957452, 5.551115123125783e-17
nan, nan
nan, nan
nan, nan
nan, nan
nan, nan
0.4600831336322418, 0.0
0.4600831336322418, 0.0
0.4600831336322419, 1.1102230246251565e-16
0.4600831336322418, 0.0
0.4595951055468111, 0.004831231560645274
nan, nan
nan, nan
0.4654811838957453, 0.0
0.4654811838957453, 0.0
0.4654811838957453, 0.0
0.465481183895745, 2.7755575615628914e-16
0.4654811838957453, 0.0
0.4654811838957453, 0.0
0.4652814039612424, 0.005692851838115379
0.4646840251877657, 0.011350767447939801
nan, nan
nan, nan
nan, nan
0.3520819637490599, 0.0
0.3520819637490599, 0.0
0.3619002519202583, 0.031048153344876
0.3783551494164368, 0.053424541071069205
0.3790153728960003, 0.05327154609973645
0.3790298526965932, 0.0541409282925261
0.3778557435150691, 0.05398356671095644
nan, nan
nan, nan
nan, nan
nan, nan
0.4658063720886545, 1.962615573354719e-16
0.46580637208865455, 1.9068706655153886e-16
0.4658063720886546, 2.054085699960119e-16
0.46580637208865433, 2.3902395599488363e-16
0.4658063720886547, 3.1339860799619724e-16
0.4658052881280114, 1.8743431703296642e-05
nan, nan
nan, nan
0.5111860795454544, 0.0
0.5164626475237912, 0.011798764687459912
0.5220128613069343, 0.057509726602875295
0.5131465050019505, 0.07456532234640798
0.5153419050932823, 0.07472505985890876
0.5189459716303289, 0.07531312863343213
0.5183762014089571, 0.08141715761717913
0.5208910019166211, 0.0746108262849077
nan, nan
nan, nan
nan, nan
nan, nan
nan, nan
0.46580637208865433, 0.0
0.46580637208865433, 0.0
0.4658063720886544, 5.551115123125783e-17
0.4658063720886544, 9.708618711137331e-17
0.46580011846955993, 4.465977318207084e-05
nan, nan
0.6694471822820046, 0.0
0.5306693807860611, 0.0681846331269609
0.525175796779751, 0.06906169766956148
0.5320415688800528, 0.07248989661409976
0.5280008021658349, 0.06960492344830149
0.5267780197830518, 0.06816709755290289
0.5313364130391007, 0.07141551208873145
0.5363347153401166, 0.07381095748430794
0.5393356056466241, 0.07589223121016278
nan, nan
nan, nan
nan, nan
0.4654811838957453, 0.0
0.465521832419859, 0.00010754588596661028
0.46553121284850063, 0.00011732829422545773
0.46553273812145046, 0.00011877283909146454
0.46553049522007994, 0.00011663555951215885
0.46552514174670695, 0.00011118579701218027
0.4655263822546614, 0.00011249480436750804
nan, nan
nan, nan
nan, nan
0.48767058489331977, 0.039014547724723195
0.47848831150995963, 0.057511506601162575
0.4644901208286112, 0.0628583328455968
0.4768724245986349, 0.06854304860019662
0.47968174870526137, 0.07303699880210578
0.48200344420467006, 0.07705537800547375
0.48544688350268805, 0.08013677883643482
nan, nan
0.4658063720886547, 0.0
0.4657599166325248, 0.00011379216328655379
0.4657444314804814, 0.00012769383500660603
0.46573410804578586, 0.00013519364489903167
0.4657428295682012, 0.00012894039511966447
0.46574490358877546, 0.0001273202808635645
0.4657370426262071, 0.0001331861413415948
0.46574869720161044, 0.0001242127195524789
0.46574215253357704, 0.00012945767575076668
nan, nan
nan, nan
nan, nan
0.5458904707187942, 0.07720561307351506
0.5359991517977598, 0.07059746356781928
0.5359167278694839, 0.06887376478990263
0.5338089251321616, 0.07052521508039031
0.5353456422775003, 0.07396263041557753
0.5370369074343238, 0.07703806205376015
0.5300137832174306, 0.07184410839868169
nan, nan
nan, nan
nan, nan
0.4654811838957453, 0.0
0.4654811838957453, 0.0
0.46562055026413507, 0.0001609264206116182
0.46561667897612424, 0.0001603199411478542
0.46563543983340766, 0.00016238015676146338
0.4656329383857697, 0.00016223237387883797
0.46563507179600777, 0.00016236083995160207
nan, nan
nan, nan
0.5428454874154757, 0.0
0.5097405459021821, 0.04054510733612488
0.507998180559377, 0.04086208931631193
0.5075762556053587, 0.05436070967319802
0.4995524142844031, 0.05393733487975958
0.5001291906809407, 0.05517173133909209
0.501313438630684, 0.056749105755573036
0.5057938568395933, 0.05580608024566754
nan, nan
nan, nan
nan, nan
0.4658063720886547, 0.0
0.4658063720886547, 0.0
0.4658063720886547, 0.0
0.4658063720886547, 0.0
0.4658063720886547, 0.0
0.465805309382142, 1.855937136194036e-05
0.46580434473084364, 2.55961450866385e-05
nan, nan
0.5428454874154757, 0.0
0.5501520442626916, 0.061315144552616156
0.5244526208472692, 0.09031056731913005
0.5254215099383244, 0.08581866721412583
0.5196860211170398, 0.08969676079226865
0.5198262185106207, 0.08920156317998867
0.5178600534015994, 0.09159969191559708
0.5178053660494549, 0.09340651450093237
0.513904451875143, 0.09113159544945681
nan, nan
nan, nan
0.4654811838957453, 0.0
0.4654811838957453, 0.0
0.46553121284850063, 0.00011732829422545772
0.46553693044310124, 0.0001225579106116905
0.4655656077535199, 0.00014257017214906796
0.46557239521814675, 0.0001460867542605551
0.4655726817142826, 0.00014622639798685447
0.46557866045479923, 0.0001489850547027605
nan, nan
nan, nan
nan, nan
0.4768119599924859, 0.09338551005292806
0.45571999617527875, 0.10531481558270936
0.4434961953688732, 0.11118893669703003
0.43262954940046816, 0.1063748042946305
0.42620882350886824, 0.10742822307973496
0.42616110173752925, 0.10906442812921464
0.4265647616491564, 0.1111654562962859
nan, nan
nan, nan
nan, nan
nan, nan
nan, nan
0.4658063720886547, 0.0
0.4658063720886547, 0.0
0.4658063720886547, 0.0
0.4658063720886546, 1.1102230246251565e-16
0.4657968077300397, 5.4943057237728994e-05
nan, nan
0.3520819637490599, 0.0
0.38808235371012056, 0.05091223973365215
0.37105153476395175, 0.04202169023452474
0.3865527284919419, 0.05917168084050228
0.38406942054428694, 0.061160619284949536
0.38085218078057015, 0.058444717166006896
0.3790109913838309, 0.057435183806544346
0.3800935223842282, 0.058079971610888355
0.38131465417837096, 0.059249384729472256
nan, nan
nan, nan
nan, nan
0.4658063720886547, 0.0
0.46577680952566297, 9.348503252618684e-05
0.46572727225794697, 0.00013951898719992688
0.4657206406559788, 0.00014327934644876687
0.4657156218952846, 0.00014586052855893343
0.46571772205899525, 0.0001448071655260702
0.46571328847953203, 0.0001469868441487293
nan, nan
nan, nan
nan, nan
0.5428454874154757, 0.0
0.5428454874154757, 0.0
0.5227483268954352, 0.06620052291089476
0.5193891812616277, 0.0652134830195124
0.5211962028254722, 0.06192454274060664
0.519711914913234, 0.06533766238772562
0.5211024190240183, 0.06458492080672654