nan, nan
nan, nan
nan, nan
nan, nan
nan, nan
nan, nan
nan, nan
nan, nan
nan, nan
nan, nan
nan, nan
nan, nan
nan, nan
nan, nan
nan, nan
nan, nan
nan, nan
nan, nan
nan, nan
nan, nan
nan, nan
nan, nan
nan, nan
nan, nan
nan, nan
nan, nan
nan, nan
nan, nan
nan, nan
nan, nan
nan, nan
nan, nan
nan, nan
nan, nan
nan, nan
nan, nan
nan, nan
nan, nan
nan, nan
nan, nan
nan, nan
nan, nan
nan, nan
nan, nan
nan, nan
nan, nan
nan, nan
nan, nan
nan, nan
nan, nan
nan, nan
nan, nan
nan, nan
nan, nan
nan, nan
nan, nan
nan, nan
nan, nan
nan, nan
nan, nan
nan, nan
nan, nan
nan, nan
nan, nan
nan, nan
nan, nan
nan, nan
nan, nan
nan, nan
nan, nan
nan, nan
nan, nan
nan, nan
nan, nan
nan, nan
nan, nan
nan, nan
nan, nan
nan, nan
nan, nan
nan, nan
nan, nan
nan, nan
nan, nan
nan, nan
nan, nan
nan, nan
nan, nan
nan, nan
nan, nan
nan, nan
nan, nan
nan, nan
nan, nan
nan, nan
nan, nan
nan, nan
nan, nan
nan, nan
nan, nan
nan, nan
nan, nan
nan, nan
nan, nan
nan, nan
nan, nan
nan, nan
nan, nan
nan, nan
nan, nan
nan, nan
nan, nan
nan, nan
nan, nan
nan, nan
nan, nan
nan, nan
nan, nan
nan, nan
nan, nan
nan, nan
nan, nan
nan, nan
nan, nan
nan, nan
nan, nan
nan, nan
nan, nan
0.14122266, 0.0
0.14122266, 0.0
nan, nan
nan, nan
nan, nan
nan, nan
nan, nan
nan, nan
0.2931865, 0.07847459
0.3232663, 0.09385626
0.3221748, 0.092314914
0.32460675, 0.09294607
nan, nan
nan, nan
nan, nan
nan, nan
nan, nan
nan, nan
0.1409746, 0.0
0.1409746, 0.0
0.14306097, 0.0072274315
0.14382963, 0.008323818
nan, nan
nan, nan
nan, nan
0.45013565, 0.0
0.39904878, 0.072247766
0.42098865, 0.06772919
0.41502294, 0.069129564
0.4074881, 0.072646156
0.4051952, 0.07439092
0.40419468, 0.0748439
nan, nan
nan, nan
nan, nan
nan, nan
nan, nan
nan, nan
nan, nan
nan, nan
nan, nan
nan, nan
nan, nan
nan, nan
nan, nan
nan, nan
0.17626415, 0.0
0.17626415, 0.0
0.24561986, 0.116818786
0.2888762, 0.12910204
0.2948624, 0.13210386
0.29439646, 0.12854017
nan, nan
nan, nan
nan, nan
nan, nan
nan, nan
nan, nan
nan, nan
nan, nan
nan, nan
nan, nan
nan, nan
nan, nan
nan, nan
nan, nan
nan, nan
0.049572587, 0.0
0.2530652, 0.1226182
0.25841904, 0.11384088
0.27072015, 0.11621564
0.27465737, 0.115178786
nan, nan
nan, nan
nan, nan
nan, nan
nan, nan
nan, nan
0.23759478, 0.0
0.23759478, 0.0
0.23759478, 0.0
0.23759478, 0.0
nan, nan
nan, nan
nan, nan
nan, nan
nan, nan
nan, nan
nan, nan
nan, nan
nan, nan
nan, nan
nan, nan
nan, nan
nan, nan
nan, nan
0.45013565, 0.0
0.45013565, 0.0
0.45013565, 0.0
0.45013565, 5.3681113e-17
0.45013565, 0.0
0.45013565, 5.6293935e-17
nan, nan
nan, nan
nan, nan
nan, nan
nan, nan
nan, nan
nan, nan
nan, nan
nan, nan
nan, nan
nan, nan
nan, nan
nan, nan
nan, nan
nan, nan
nan, nan
0.45013565, 0.0
0.45013565, 0.0
0.45013565, 5.3681113e-17
0.45013565, 0.0
nan, nan
nan, nan
nan, nan
nan, nan
nan, nan
nan, nan
nan, nan
nan, nan
nan, nan
nan, nan
nan, nan
nan, nan
nan, nan
nan, nan
nan, nan
0.45013565, 0.0
0.45013565, 5.3681113e-17
0.45013565, 0.0
0.45013565, 5.3681113e-17
0.45013565, 5.3681113e-17
nan, nan
nan, nan
nan, nan
nan, nan
nan, nan
nan, nan
nan, nan
nan, nan
nan, nan
nan, nan
nan, nan
nan, nan
nan, nan
nan, nan
nan, nan
nan, nan
0.45013565, 0.0
0.45013565, 0.0
0.45013565, 0.0
0.45013565, 0.0
nan, nan
nan, nan
nan, nan
nan, nan
nan, nan
nan, nan
nan, nan
nan, nan
nan, nan
nan, nan
nan, nan
nan, nan
nan, nan
0.45013565, 0.0
0.45013565, 0.0
0.45013565, 0.0
0.45013565, 0.0
0.45013565, 1.0736223e-16
0.45009214, 0.00047453737
0.45007998, 0.00053624576
nan, nan
nan, nan
nan, nan
nan, nan
nan, nan
nan, nan
nan, nan
nan, nan
nan, nan
nan, nan
nan, nan
nan, nan
nan, nan
nan, nan
nan, nan
nan, nan
nan, nan
0.45013565, 0.0
0.45013565, 5.3681113e-17
0.45013565, 0.0
nan, nan
nan, nan
nan, nan
nan, nan
nan, nan
nan, nan
nan, nan
nan, nan
0.2624279, 0.0
0.2624279, 0.0
nan, nan
nan, nan
nan, nan
0.45013565, 0.0
0.45013565, 5.3681113e-17
0.45013565, 0.0
0.45013565, 5.3681113e-17
0.45013565, 0.0
0.45013565, 0.0
0.45012918, 0.00018375582
nan, nan
nan, nan
nan, nan
nan, nan
nan, nan
nan, nan
nan, nan
nan, nan
nan, nan
nan, nan
nan, nan
nan, nan
nan, nan
0.45013565, 0.0
0.43268383, 0.049361255
0.4377859, 0.041791935
0.43926948, 0.039268434
0.4407007, 0.036815193
0.44160494, 0.03500643
0.4397854, 0.03823806
nan, nan
nan, nan
nan, nan
nan, nan
nan, nan
nan, nan
nan, nan
nan, nan
nan, nan
nan, nan
nan, nan
0.45013565, 0.0
0.45013565, 0.0
0.44955564, 0.0016405168
0.44926566, 0.0019454136
0.44916242, 0.0020330271
0.44920245, 0.0020001328
0.44918832, 0.0020118903
0.4489593, 0.009727808
0.44945765, 0.001754883
nan, nan
nan, nan
nan, nan
nan, nan
nan, nan
0.6473775, 0.0
0.6473775, 0.0
0.6473775, 0.0
0.6473775, 1.0736223e-16
0.6454495, 0.015242181
nan, nan
nan, nan
nan, nan
nan, nan
nan, nan
nan, nan
nan, nan
nan, nan
0.45013565, 0.0
0.45013565, 0.0
nan, nan
nan, nan
nan, nan
nan, nan
nan, nan
nan, nan
nan, nan
nan, nan
nan, nan
nan, nan
nan, nan
nan, nan
nan, nan
nan, nan
nan, nan
nan, nan
0.45013565, 0.0
0.45013565, 0.0
0.45013565, 0.0
0.45013565, 0.0
nan, nan
nan, nan
nan, nan
nan, nan
nan, nan
nan, nan
nan, nan
nan, nan
nan, nan
nan, nan
nan, nan
nan, nan
nan, nan
nan, nan
0.45013565, 0.0
0.45013565, 0.0
0.45013565, 0.0
0.45013565, 5.3681113e-17
0.45013565, 5.3681113e-17
0.45013565, 0.0
nan, nan
nan, nan
nan, nan
0.34047484, 0.0
0.34047484, 0.0
0.34047484, 0.0
0.34047484, 0.0
0.33717263, 0.021651417
0.33685318, 0.022741063
0.3370261, 0.024002565
nan, nan
nan, nan
0.45013565, 0.0
0.45013565, 5.3681113e-17
0.45013565, 0.0
0.45013565, 1.0736223e-16
0.45013565, 0.0
0.44990396, 0.006027654
0.45013604, 1.0843707e-05
0.45013684, 1.9220994e-05
nan, nan
nan, nan
nan, nan
0.34047484, 0.0
0.34047484, 0.0
0.34047484, 1.0736223e-16
0.34300193, 0.021442726
0.34152117, 0.012663703
0.3413258, 0.014766317
0.3422145, 0.022662956
nan, nan
nan, nan
nan, nan
nan, nan
nan, nan
nan, nan
nan, nan
nan, nan
0.28853855, 0.14789721
0.26277512, 0.14438939
nan, nan
nan, nan
0.34047484, 0.0
0.34047484, 0.0
0.34047484, 0.0
0.34047484, 5.3681113e-17
0.34671915, 0.027710196
0.35021672, 0.033891942
0.35185453, 0.036271855
0.35250688, 0.037378483
nan, nan
nan, nan
nan, nan
nan, nan
0.45013565, 0.0
0.45013565, 0.0
0.45013565, 5.3681113e-17
0.45013565, 0.0
0.45009547, 0.0004560681
0.4500919, 0.00047584993
nan, nan
nan, nan
nan, nan
nan, nan
nan, nan
nan, nan
nan, nan
nan, nan
0.34047484, 0.0
0.34047484, 0.0
nan, nan
nan, nan
nan, nan
nan, nan
nan, nan
0.45013565, 0.0
0.45017496, 0.00010400042
0.45018223, 0.00011171364
0.45017102, 9.93657e-05
0.45016226, 8.751904e-05
nan, nan
nan, nan
nan, nan
0.4849325, 0.04001696
0.4749283, 0.038746256
0.47623318, 0.039059937
0.46797618, 0.03624693
0.46358755, 0.035660557
0.45985088, 0.033434425
0.45956993, 0.034236114
nan, nan
nan, nan
nan, nan
nan, nan
nan, nan
nan, nan
0.45045012, 0.0
0.45038724, 0.00012578708
0.45039293, 0.0001212885
0.45039138, 0.00012256739
0.5249495, 0.0
0.4921343, 0.08682085
0.51271534, 0.050402712
0.5150062, 0.042710107
0.51625466, 0.041340966
0.51805097, 0.037654895
0.5134017, 0.049192905
0.50914514, 0.058053166
0.50934434, 0.058419205
0.5118713, 0.053703737
nan, nan
nan, nan
nan, nan
nan, nan
nan, nan
nan, nan
0.45013565, 0.0
0.45013565, 0.0
0.45015416, 7.399241e-05
0.4501528, 7.141273e-05
0.44491556, 5.3681113e-17
0.44491556, 0.0
0.4482503, 0.015992885
0.45291898, 0.024010178
0.4534289, 0.027153427
0.4521492, 0.025704682
0.4514975, 0.026940377
0.45145205, 0.026233895
0.4494362, 0.0225518
0.44982314, 0.025594134
nan, nan
nan, nan
0.45045012, 0.0
0.45045012, 0.0
0.45045012, 0.0
0.45045012, 0.0
0.450445, 3.9825216e-05
0.4504438, 4.4155433e-05
0.4504411, 5.2522464e-05
0.45043898, 5.8099486e-05
nan, nan
nan, nan
0.49728706, 0.03271817
0.45944312, 0.0665684
0.46425012, 0.064733066
0.46040106, 0.05833235
0.46186188, 0.062450636
0.45957482, 0.06695748
0.4617877, 0.07033353
0.4650642, 0.06644012
nan, nan
nan, nan
0.45045012, 0.0
0.45045012, 0.0
0.45045012, 0.0
0.45045012, 1.6104334e-16
0.45044652, 3.3520155e-05
0.4504442, 4.270706e-05
0.45044294, 4.699656e-05
0.4504426, 4.794228e-05
nan, nan
nan, nan
nan, nan
nan, nan
0.35466522, 0.0
0.4131294, 0.06426331
0.42310262, 0.0601431
0.41530126, 0.05667595
0.41620576, 0.058856707
0.41662326, 0.059732858
nan, nan
nan, nan
nan, nan
nan, nan
nan, nan
0.45013565, 0.0
0.45013565, 0.0
0.4501531, 7.203242e-05
0.4501531, 7.203242e-05
0.4501511, 6.793589e-05
nan, nan
nan, nan
0.49297693, 0.10758927
0.4747688, 0.08350909
0.46590498, 0.08149517
0.46274275, 0.07791485
0.46018878, 0.07773852
0.46187276, 0.07741137
0.46841592, 0.079887174
0.47102407, 0.08371169
nan, nan
nan, nan
0.45013565, 0.0
0.4502614, 0.00015405708
0.45025793, 0.00015330238
0.4502463, 0.00015017344
0.44865096, 0.019959085
0.44965225, 0.0121231945
0.44991446, 0.008898613
0.45022476, 0.0001417139
nan, nan
nan, nan
0.44491556, 0.0
0.45315194, 0.018417088
0.4457592, 0.048908975
0.44841802, 0.04266643
0.4430333, 0.05191088
0.44099656, 0.055159647
0.44083396, 0.05481941
0.44465828, 0.05065244
nan, nan
0.45013565, 0.0
0.45013565, 0.0
0.45017496, 0.00010400042
0.45017853, 0.000107917236
0.45016342, 8.919461e-05
0.4501603, 8.449982e-05
0.45015314, 7.2087874e-05
0.45015028, 6.622386e-05
0.45014685, 5.822001e-05
nan, nan
nan, nan
nan, nan
nan, nan
0.5453484, 0.0721455
0.53607297, 0.06815982
0.52889204, 0.06398946
0.5226202, 0.06053216
0.5194243, 0.059427965
0.5198362, 0.060932
nan, nan
nan, nan
0.45013565, 0.0
0.45013565, 0.0
0.45013565, 0.0
0.45013565, 5.3681113e-17
0.45013565, 0.0
0.45013565, 1.0736223e-16
0.45013565, 0.0
0.45013565, 0.0
nan, nan
nan, nan
nan, nan
nan, nan
nan, nan
0.49433377, 0.0
0.49433377, 0.0
0.48727408, 0.017292779
0.48445013, 0.019767294
0.48392993, 0.020146947
nan, nan
nan, nan
nan, nan
nan, nan
0.45045012, 0.0
0.45045012, 0.0
0.45043442, 6.853665e-05
0.45042336, 8.7749046e-05
0.4503995, 0.000115581526
0.4503952, 0.000119392585
nan, nan
0.44491556, 0.0
0.41535726, 0.116017796
0.42444807, 0.106968336
0.4257072, 0.09984205
0.42607966, 0.10207554
0.43272457, 0.10011324
0.42390278, 0.10189804
0.4167838, 0.100502394
0.41799474, 0.103335805
nan, nan
nan, nan
0.45013565, 0.0
0.45013565, 0.0
0.45013565, 0.0
0.45014933, 6.412975e-05
0.45015088, 6.747937e-05
0.45015237, 7.057132e-05
0.45014864, 6.2528175e-05
0.45014063, 0.00019568445
nan, nan
0.44491556, 0.0
0.44491556, 5.3681113e-17
0.44821012, 0.012327074
0.44600606, 0.03344637
0.4430491, 0.03976881
0.4442473, 0.041807167
0.44523594, 0.041722223
0.44421425, 0.04766264
0.4446914, 0.047156353
nan, nan
nan, nan
0.4502929, 0.00015723385
0.4502929, 0.00015723385
0.45031038, 0.00015626027
0.45031536, 0.00015562115
0.45031214, 0.00015605349
0.45030773, 0.00015653406
0.45030576, 0.00015670531
0.4503111, 0.00015617826
nan, nan
nan, nan
0.46649092, 0.03176637
0.45781252, 0.04975613
0.45530006, 0.057510056
0.45435607, 0.05675159
0.45444262, 0.058507893
0.45235267, 0.06367523
0.45141402, 0.060967613
0.4469339, 0.06648196
nan, nan
nan, nan
nan, nan
nan, nan
0.45013565, 0.0
0.45013565, 0.0
0.45013565, 0.0
0.45013565, 1.0736223e-16
0.44742373, 0.028828308
0.4472993, 0.02947611
nan, nan
nan, nan
nan, nan
nan, nan
0.3329823, 0.06783979
0.35791114, 0.0756817
0.36575904, 0.07448536
0.37354964, 0.073054686
0.37450385, 0.07560575
0.3715652, 0.07562337
nan, nan
nan, nan
nan, nan
nan, nan
0.45021427, 0.00013616851
0.45021427, 0.00013616851
0.4501671, 9.434031e-05
0.4501503, 6.629055e-05
0.45014754, 5.9969243e-05
0.45013988, 3.617702e-05
nan, nan
nan, nan
0.5249495, 0.0
0.5249495, 0.0
0.4833311, 0.07085702
0.48361146, 0.068655655
0.48368803, 0.061552934
0.48747724, 0.056039445
0.48560315, 0.056734126
0.48566374, 0.05426937
nan, nan
nan, nan
nan, nan
0.45045012, 0.0
0.45045012, 0.0
0.45045012, 0.0
0.45045012, 5.3681113e-17
0.45045012, 5.3681113e-17
0.45045012, 5.3681113e-17
0.45045012, 0.0
nan, nan
nan, nan
0.5249495, 0.0
0.5254249, 0.07013648
0.53057194, 0.070144475
0.520518, 0.08240479
0.52015394, 0.08602073
0.52192664, 0.08613902
0.5247853, 0.08498785
0.520215, 0.08432603
nan, nan
nan, nan
nan, nan
0.45013565, 0.0
0.45013565, 0.0
0.45013565, 5.3681113e-17
0.45013565, 0.0
0.45013565, 0.0
0.45013565, 5.3681113e-17
0.45013565, 0.0
nan, nan
nan, nan
0.58616346, 0.061214007
0.59490836, 0.060586154
0.5888131, 0.06894109
0.59129214, 0.07184143
0.5841192, 0.07180643
0.5813859, 0.07260864
0.5815896, 0.07146669
0.58369774, 0.06909098