nan, nan
nan, nan
nan, nan
nan, nan
nan, nan
nan, nan
nan, nan
nan, nan
nan, nan
nan, nan
nan, nan
nan, nan
nan, nan
nan, nan
nan, nan
nan, nan
nan, nan
nan, nan
nan, nan
nan, nan
nan, nan
nan, nan
nan, nan
nan, nan
nan, nan
nan, nan
nan, nan
nan, nan
nan, nan
nan, nan
nan, nan
nan, nan
nan, nan
nan, nan
nan, nan
nan, nan
nan, nan
nan, nan
nan, nan
nan, nan
nan, nan
nan, nan
nan, nan
nan, nan
nan, nan
nan, nan
nan, nan
nan, nan
nan, nan
nan, nan
nan, nan
nan, nan
nan, nan
nan, nan
nan, nan
nan, nan
nan, nan
nan, nan
nan, nan
nan, nan
nan, nan
nan, nan
nan, nan
nan, nan
nan, nan
nan, nan
nan, nan
nan, nan
nan, nan
nan, nan
nan, nan
nan, nan
nan, nan
nan, nan
nan, nan
nan, nan
nan, nan
nan, nan
nan, nan
nan, nan
nan, nan
nan, nan
nan, nan
nan, nan
nan, nan
nan, nan
nan, nan
nan, nan
nan, nan
nan, nan
nan, nan
nan, nan
nan, nan
nan, nan
nan, nan
nan, nan
nan, nan
nan, nan
nan, nan
nan, nan
nan, nan
nan, nan
nan, nan
nan, nan
nan, nan
nan, nan
nan, nan
nan, nan
nan, nan
nan, nan
nan, nan
nan, nan
nan, nan
nan, nan
nan, nan
nan, nan
nan, nan
nan, nan
nan, nan
nan, nan
nan, nan
nan, nan
nan, nan
nan, nan
nan, nan
nan, nan
nan, nan
nan, nan
nan, nan
nan, nan
nan, nan
nan, nan
nan, nan
nan, nan
nan, nan
nan, nan
nan, nan
nan, nan
nan, nan
nan, nan
nan, nan
nan, nan
nan, nan
nan, nan
nan, nan
nan, nan
nan, nan
nan, nan
nan, nan
nan, nan
nan, nan
nan, nan
nan, nan
nan, nan
nan, nan
nan, nan
nan, nan
nan, nan
nan, nan
nan, nan
nan, nan
nan, nan
nan, nan
nan, nan
nan, nan
nan, nan
nan, nan
nan, nan
nan, nan
nan, nan
nan, nan
nan, nan
nan, nan
nan, nan
nan, nan
nan, nan
nan, nan
nan, nan
nan, nan
nan, nan
nan, nan
nan, nan
nan, nan
nan, nan
nan, nan
nan, nan
nan, nan
nan, nan
nan, nan
nan, nan
nan, nan
nan, nan
nan, nan
nan, nan
nan, nan
nan, nan
nan, nan
nan, nan
nan, nan
nan, nan
nan, nan
nan, nan
nan, nan
nan, nan
nan, nan
nan, nan
nan, nan
nan, nan
nan, nan
nan, nan
nan, nan
nan, nan
nan, nan
nan, nan
nan, nan
nan, nan
nan, nan
nan, nan
nan, nan
nan, nan
nan, nan
nan, nan
nan, nan
nan, nan
nan, nan
nan, nan
nan, nan
nan, nan
nan, nan
nan, nan
nan, nan
nan, nan
nan, nan
nan, nan
nan, nan
nan, nan
nan, nan
nan, nan
nan, nan
nan, nan
nan, nan
nan, nan
nan, nan
nan, nan
nan, nan
nan, nan
nan, nan
nan, nan
nan, nan
nan, nan
nan, nan
nan, nan
nan, nan
nan, nan
nan, nan
nan, nan
nan, nan
nan, nan
nan, nan
nan, nan
nan, nan
nan, nan
nan, nan
nan, nan
nan, nan
nan, nan
nan, nan
nan, nan
nan, nan
nan, nan
nan, nan
nan, nan
nan, nan
nan, nan
nan, nan
nan, nan
nan, nan
nan, nan
nan, nan
nan, nan
nan, nan
nan, nan
nan, nan
nan, nan
nan, nan
nan, nan
nan, nan
nan, nan
nan, nan
nan, nan
nan, nan
nan, nan
nan, nan
nan, nan
nan, nan
nan, nan
nan, nan
nan, nan
nan, nan
nan, nan
nan, nan
nan, nan
nan, nan
nan, nan
nan, nan
nan, nan
nan, nan
0.46548118389574566, 0.0
0.45025734379309656, 0.06808308269622125
0.4504952162947006, 0.06757547070082472
nan, nan
nan, nan
nan, nan
nan, nan
nan, nan
nan, nan
nan, nan
nan, nan
nan, nan
nan, nan
nan, nan
nan, nan
nan, nan
nan, nan
nan, nan
nan, nan
nan, nan
nan, nan
nan, nan
nan, nan
nan, nan
nan, nan
nan, nan
nan, nan
nan, nan
nan, nan
nan, nan
nan, nan
nan, nan
nan, nan
nan, nan
nan, nan
nan, nan
nan, nan
nan, nan
nan, nan
nan, nan
nan, nan
nan, nan
nan, nan
nan, nan
nan, nan
nan, nan
nan, nan
nan, nan
nan, nan
nan, nan
nan, nan
nan, nan
nan, nan
nan, nan
nan, nan
nan, nan
nan, nan
nan, nan
nan, nan
nan, nan
nan, nan
nan, nan
nan, nan
nan, nan
nan, nan
nan, nan
nan, nan
nan, nan
nan, nan
nan, nan
nan, nan
nan, nan
nan, nan
nan, nan
nan, nan
nan, nan
nan, nan
nan, nan
0.46548118389574566, 0.0
0.46548118389574566, 0.0
0.46548118389574555, 1.1102230246251565e-16
0.4654811838957456, 5.551115123125783e-17
0.46548118389574583, 1.6653345369377348e-16
nan, nan
nan, nan
nan, nan
nan, nan
nan, nan
nan, nan
nan, nan
nan, nan
nan, nan
nan, nan
nan, nan
nan, nan
nan, nan
nan, nan
nan, nan
nan, nan
nan, nan
nan, nan
nan, nan
nan, nan
nan, nan
nan, nan
nan, nan
nan, nan
nan, nan
nan, nan
nan, nan
nan, nan
nan, nan
nan, nan
nan, nan
nan, nan
nan, nan
nan, nan
nan, nan
nan, nan
nan, nan
nan, nan
nan, nan
nan, nan
nan, nan
nan, nan
nan, nan
nan, nan
nan, nan
nan, nan
nan, nan
nan, nan
nan, nan
nan, nan
nan, nan
nan, nan
nan, nan
nan, nan
nan, nan
nan, nan
nan, nan
nan, nan
nan, nan
nan, nan
nan, nan
nan, nan
nan, nan
nan, nan
nan, nan
nan, nan
nan, nan
nan, nan
nan, nan
nan, nan
nan, nan
nan, nan
nan, nan
nan, nan
nan, nan
nan, nan
nan, nan
nan, nan
nan, nan
nan, nan
nan, nan
nan, nan
nan, nan
nan, nan
nan, nan
nan, nan
nan, nan
0.3876109629457853, 0.0
0.3876109629457853, 0.0
0.3876109629457853, 0.0
nan, nan
nan, nan
nan, nan
nan, nan
nan, nan
nan, nan
nan, nan
nan, nan
nan, nan
nan, nan
nan, nan
nan, nan
nan, nan
nan, nan
nan, nan
0.3876109629457853, 0.0
0.3876109629457853, 0.0
0.3876109629457853, 0.0
0.38761096294578523, 5.551115123125783e-17
0.3876109629457854, 1.1102230246251565e-16
nan, nan
nan, nan
nan, nan
nan, nan
nan, nan
nan, nan
nan, nan
nan, nan
nan, nan
nan, nan
nan, nan
nan, nan
nan, nan
nan, nan
nan, nan
nan, nan
nan, nan
nan, nan
nan, nan
nan, nan
nan, nan
nan, nan
0.46548118389574566, 0.0
0.46548118389574566, 0.0
0.46548118389574555, 1.1102230246251565e-16
0.46548118389574566, 0.0
0.46548118389574566, 0.0
0.46548118389574566, 0.0
0.4652838314209572, 0.005658202490967157
0.4654811838957456, 5.551115123125783e-17
nan, nan
nan, nan
nan, nan
nan, nan
nan, nan
nan, nan
nan, nan
nan, nan
nan, nan
nan, nan
nan, nan
nan, nan
0.46548118389574566, 0.0
0.4654811838957456, 5.551115123125783e-17
0.46548118389574566, 0.0
0.4654811838957455, 1.6653345369377348e-16
0.46548118389574566, 0.0
0.46548118389574566, 0.0
0.46548118389574566, 0.0
0.4654811838957456, 5.551115123125783e-17
nan, nan
nan, nan
nan, nan
0.6694471822820046, 0.0
0.6694471822820046, 0.0
0.6694471822820046, 0.0
0.6377967585653723, 0.05482014195829001
0.6011975636892624, 0.09650169214668895
0.607208883759393, 0.09003289311583784
0.5883212278663924, 0.10137799164154841
nan, nan
nan, nan
nan, nan
nan, nan
0.46548118389574566, 0.0
0.46548118389574566, 0.0
0.4654811838957456, 5.551115123125783e-17
0.4654811838957459, 2.220446049250313e-16
0.4654811838957457, 5.551115123125783e-17
0.4654811838957456, 5.551115123125783e-17
nan, nan
nan, nan
nan, nan
nan, nan
nan, nan
0.46008313363224196, 0.0
0.460083133632242, 5.551115123125783e-17
0.4439782068130293, 0.033201157184228315
0.4386790790502711, 0.03872639814854925
0.43543731324939916, 0.040842186590302476
nan, nan
nan, nan
0.46548118389574566, 0.0
0.46548118389574555, 1.1102230246251565e-16
0.46548118389574555, 1.1102230246251565e-16
0.4654811838957456, 5.551115123125783e-17
0.4654823882964602, 1.9753640444168746e-05
0.4654825184574129, 2.0789483929131516e-05
0.46511057212640783, 0.010466194185822886
0.465482789763365, 2.2795402570708232e-05
nan, nan
nan, nan
nan, nan
0.366756080954169, 0.0
0.3863215705609809, 0.05533956151284631
0.3884095543583066, 0.05475024927238775
0.38942115956169343, 0.053086732750191476
0.38813396021536634, 0.05076485821188973
0.3886052978313559, 0.05497142051420102
0.3859241388311548, 0.05689188198280197
nan, nan
nan, nan
nan, nan
0.46548118389574566, 0.0
0.4654811838957457, 5.551115123125783e-17
0.4654811838957455, 1.6653345369377348e-16
0.4654811838957458, 1.1102230246251565e-16
0.46373821724458536, 0.016751885601843444
0.464770236972246, 0.01073310046364379
0.4646022343071906, 0.011919854201101119
nan, nan
nan, nan
nan, nan
0.366756080954169, 0.0
0.3639173380424669, 0.004916846952694014
0.37317581817093776, 0.027821617230490727
0.37431540376821704, 0.049320987149032616
0.38202924836816476, 0.06714943898236088
0.3865609499213918, 0.06954380793051033
0.3832650964578883, 0.07217031045970086
nan, nan
nan, nan
nan, nan
nan, nan
nan, nan
nan, nan
nan, nan
0.46580637208865433, 0.0
0.46580637208865433, 0.0
0.46580637208865433, 0.0
nan, nan
nan, nan
0.366756080954169, 0.0
0.3649218163035304, 0.004853008104266603
0.36845624305978086, 0.01788092985745371
0.3698763988089681, 0.043944663070090595
0.3698612230279926, 0.04316234245832682
0.3676725479727444, 0.045086409966843426
0.36628701927276863, 0.03265270234286788
0.36666239598848854, 0.04193551072370838
nan, nan
nan, nan
nan, nan
0.46548118389574566, 0.0
0.46548118389574566, 0.0
0.4654811838957456, 5.551115123125783e-17
0.4654811838957457, 5.551115123125783e-17
0.4654982990637934, 7.261350832658413e-05
0.4654934551483084, 6.196678792788877e-05
0.46549775399474747, 7.151106466665749e-05
nan, nan
0.366756080954169, 0.0
0.366756080954169, 0.0
0.3598775885142742, 0.023124650908480197
0.3591660203308366, 0.024179899620882437
0.3577112587113647, 0.02961751760711692
0.35903837384416337, 0.02858514811238632
0.3566641076442019, 0.03151323509462284
0.35676622053641444, 0.03311322218156176
0.3574569085668677, 0.03053078645920521
0.46580637208865433, 0.0
0.46580637208865433, 0.0
0.46580637208865433, 0.0
0.46579088693661097, 6.925170522134195e-05
0.46578516416302984, 8.029191055064036e-05
0.4657741220199363, 9.719709170199978e-05
0.46577861212096705, 9.086582372621103e-05
0.46577836744993356, 9.122783604157465e-05
0.46578296839295263, 8.404089802077946e-05
0.4657820134225189, 8.560260513770951e-05
nan, nan
nan, nan
0.46008313363224196, 0.0
0.5185084141188412, 0.0819943230608953
0.49355881011725167, 0.10378193997460879
0.4874888792492118, 0.11256484532985092
0.49841604603355627, 0.11544481252393464
0.5000691906469412, 0.11459580349078302
0.5019536447476433, 0.11421722865836462
0.507449955712367, 0.10998274403157372
nan, nan
nan, nan
0.46548118389574566, 0.0
0.46548118389574566, 0.0
0.4654811838957457, 5.551115123125783e-17
0.4655235997469945, 0.00010951725700161266
0.46553378786812805, 0.00011974561707392966
0.46553566568722776, 0.00012144368948359349
0.4655294081968985, 0.00011556984954772423
0.4655190254885265, 0.00010427680964154443
nan, nan
nan, nan
nan, nan
0.4600831336322417, 2.7755575615628914e-16
0.46731021954236307, 0.01672849080963255
0.4766800896494967, 0.0326401822764161
0.47059495357486486, 0.033040379701712655
0.4662066369592525, 0.04531367391199709
0.46505818344038763, 0.04661266761513628
0.4660764689808417, 0.04849185224539301
nan, nan
nan, nan
0.46580637208865433, 0.0
0.46580637208865433, 0.0
0.4656979760243515, 0.00015329518424501092
0.4656791245349074, 0.0001587055831419622
0.46568302484306834, 0.0001577863267166178
0.46567819572064656, 0.0001589095974772488
0.46568064525825653, 0.00015835922737661881
0.46567918336410474, 0.00015869246939312096
0.4600831336322418, 0.0
0.47285887011054495, 0.0221282246845321
0.4679575630261505, 0.022238024449386634
0.46971340866735856, 0.04270505201880497
0.4695971817387086, 0.04452409120417319
0.4707598983995564, 0.04813497691172339
0.4676382842641524, 0.049051919022606194
0.4686116498498171, 0.05461189225823787
0.46552697174677543, 0.058664745847467344
0.46831705236092674, 0.061267809177385724
nan, nan
nan, nan
nan, nan
0.46548118389574566, 0.0
0.4654811838957456, 1.5700924586837752e-16
0.4655082829118213, 8.987726851100875e-05
0.4654932279028902, 6.141262745303499e-05
0.465495530433668, 6.677949978202519e-05
0.46549184580370984, 5.790898291636181e-05
0.4654899545316538, 5.268000747392938e-05
nan, nan
0.4134196072932052, 0.0466635263390362
0.45591497518017815, 0.05603059700637418
0.4665252540958158, 0.04805823894581094
0.4674352232621506, 0.047405315561328126
0.4695407891427325, 0.04680915460861276
0.472425881518328, 0.04445333665416319
0.4734301036791446, 0.0443195447419085
0.47717644311304075, 0.040153814907193656
0.47689987966442143, 0.038577226306774105
nan, nan
0.46580637208865433, 0.0
0.46580637208865433, 0.0
0.46580637208865433, 0.0
0.46580637208865433, 0.0
0.4657994531909328, 4.692624746649788e-05
0.46579699166001287, 5.4428046053264956e-05
0.4657941265081684, 6.190447437754553e-05
0.4657937841586063, 6.272950057117529e-05
0.4657965179009906, 5.574370336188877e-05
nan, nan
nan, nan
0.4600831336322415, 2.0014830212433605e-16
0.4572544711545518, 0.03538807013936186
0.4521808583664227, 0.038859707534429085
0.4539794542336118, 0.04739141995665782
0.4505194876406221, 0.047862092281332036
0.450383130203592, 0.047002860584325866
0.4511474623367619, 0.0494136605784481
0.4525593646256361, 0.05573878920942058
0.46580637208865433, 0.0
0.46580637208865433, 0.0
0.46578925692060646, 7.26135083266709e-05
0.4657768095256626, 9.348503252603044e-05
0.46577908356896985, 9.016230418990095e-05
0.46577794033408326, 9.185481055588201e-05
0.46577513690696704, 9.582106090539109e-05
0.4657787499255502, 9.066100269433134e-05
0.46577909265303097, 9.01486703509641e-05
0.465780174062883, 8.850396660078595e-05
nan, nan
0.46008313363224196, 0.0
0.44000069869142994, 0.06435796931232286
0.44765656298417794, 0.07580184059979433
0.4494159818694414, 0.07325794650704709
0.4532022331187392, 0.07396113804701765
0.45354370349423084, 0.07560290965272001
0.46022113211996535, 0.0758726950786572
0.4644241260596239, 0.07822137915282663
0.46962974386398093, 0.07736187348252138
0.46580637208865433, 0.0
0.46580637208865433, 0.0
0.4657754017845677, 9.545688809369291e-05
0.4657613460311746, 0.0001123147203774632
0.4657581183568034, 0.00011559896722801316
0.46575966484143444, 0.0001140485790193774
0.46575301021127663, 0.00012043738006704846
0.4657381661753921, 0.00013239226214370039
0.4657235411338569, 0.0001416851489565874
0.4654201272937521, 0.008313517683540236
0.4600831336322419, 7.850462293418876e-17
0.4600831336322419, 9.064933036736789e-17
0.47503770853579635, 0.053919486617532625
0.4706309220252778, 0.05493677102665904
0.46676331382617137, 0.05669093911542916
0.4648555400558589, 0.05795592938167298
0.4655808176164908, 0.06225856958004734
0.4607747621644724, 0.061375205845936726
0.45914644833979107, 0.06111982783772467
0.4566585600954368, 0.059696170577871084
nan, nan
nan, nan
0.46580637208865433, 0.0
0.46580637208865433, 0.0
0.4658063720886544, 5.551115123125783e-17
0.46580637208865433, 0.0
0.4658063720886543, 5.551115123125783e-17
0.4658038897360367, 2.830317451044717e-05
0.46580354436523785, 3.0191824194108456e-05
0.465803801431003, 2.8798250563217186e-05
nan, nan
0.4600831336322414, 0.0
0.457419082592028, 0.09379654939276617
0.4393881700909007, 0.0659457786363572
0.4311822589605458, 0.06862644284105637
0.4277495757876314, 0.0679381466384262
0.426694357009873, 0.06824796524326567
0.4234780419372034, 0.07040441254003803
0.4175044299488462, 0.07051404652759284
0.41428421360658535, 0.07481869792020547
nan, nan
0.46548118389574566, 0.0
0.4654811838957456, 5.551115123125783e-17
0.46556248094397285, 0.0001408106180348294
0.46558465286621653, 0.00015146306374574844
0.46557990174002156, 0.00014952145200415576
0.4655761293535293, 0.0001478529738888974
0.4655541963775835, 0.0003203009633249396
0.46555870680246164, 0.00013856310070976414
0.46554810917027567, 0.0001314698319517224
0.46008313363224196, 0.0
0.38319098130841794, 0.05437096232820495
0.374833138664524, 0.050646043833635884
0.39313557586866693, 0.05885125067352828
0.3960615234007046, 0.05935266693079285
0.39517842087067484, 0.05919272137625133
0.3979811833929742, 0.06198432039163133
0.40089023300254445, 0.06617662220478461
0.4031698376075121, 0.05879062338512761
0.4025107810019129, 0.05829972806093782
nan, nan
nan, nan
0.4654811838957453, 0.0
0.4656112591729089, 0.00015930902860098497
0.4656329383857696, 0.0001622323738786441
0.46566003740184525, 0.00016177908331995632
0.46565394012322825, 0.00016227621912906425
0.46565357281728753, 0.00016229880345635726
0.4656440588110192, 0.00016259385395104174
0.4656437779921999, 0.0001625940964545215
0.3447449051465058, 5.551115123125783e-17
0.34474490514650585, 0.0
0.34840966616565483, 0.023439007814326368
0.3478631497201168, 0.021331367596597317
0.34820536446817796, 0.02334899234770505
0.3460225676967509, 0.01542358399934016
0.34562127393447245, 0.029433016931024555
0.34500457371497645, 0.02718748946793869
0.3441535689867218, 0.023060564754455882
0.34457984922969004, 0.024551277103398696
nan, nan
nan, nan
nan, nan
nan, nan
0.46580637208865433, 0.0
0.46580637208865433, 0.0
0.46580637208865433, 0.0
0.4658063720886543, 5.551115123125783e-17
0.4621797615778696, 0.030481224683218653
0.46444131208159595, 0.018747927198074835
nan, nan
0.34474490514650585, 0.0
0.3447449051465058, 5.551115123125783e-17
0.3535353525846489, 0.042428321309019267
0.353042390921318, 0.04155509245380594
0.3587986902604209, 0.05139991992480248
0.3625859722111522, 0.056648402469225666
0.3623304506069487, 0.05895470431059598
0.35757283270267903, 0.05720443489023114
0.35713656786409603, 0.058329496919401584
nan, nan
nan, nan
0.46548118389574566, 0.0
0.46548118389574566, 0.0
0.46554622153432745, 0.00013007527716346612
0.46553121284850074, 0.00011732829422517733
0.46553121284850085, 0.0001173282942251837
0.4655283886334261, 0.000114551892535732
0.46552039098283404, 0.0001058890273895454
0.465513122021835, 9.677736103944641e-05
nan, nan
0.5111860795454544, 0.0
0.49841034306715126, 0.02212822468453205
0.4907449011801693, 0.025035228368083508
0.4933594705059616, 0.024355784686892305
0.4909723603610812, 0.02795959337141892
0.4889832810737734, 0.027704626232940087
0.48819219382317036, 0.028926143559474933
0.48618750435634356, 0.02905846723060278
0.48613213442025144, 0.029284384307581842
nan, nan
nan, nan
0.46580637208865433, 0.0
0.46580637208865433, 0.0
0.46580637208865433, 0.0
0.46580637208865433, 0.0
0.46580637208865433, 0.0
0.4658063720886545, 1.6653345369377348e-16
0.4658063720886545, 1.6653345369377348e-16
0.4658063720886544, 5.551115123125783e-17
nan, nan
nan, nan
0.4529789975250054, 0.15306612135281655
0.3904415762574065, 0.1343873573885391
0.3980597551703288, 0.13189452014097913
0.38797316192257847, 0.12669349593164927
0.386693258712552, 0.12845695991068157
0.39363824626753546, 0.13132381917175825
0.3911837684010503, 0.12863552291138705
0.39096648759958985, 0.1279253864494518
nan, nan
0.46580637208865433, 0.0
0.46575217405650293, 0.00012119048413734844
0.4657107285025047, 0.0001481704065315936
0.46570520242863833, 0.0001505452716296381
0.4657058593744828, 0.00015027555415199847
0.46569674425089347, 0.0001537251301571166
0.4656910133574473, 0.0001555816842425786
0.4656841114114756, 0.00015751208046163175
0.4656790877634716, 0.00015871376832068512
nan, nan
0.4600831336322414, 0.0
0.46008313363224146, 5.551115123125783e-17
0.44808300364522125, 0.03394149315576798
0.43936737406701815, 0.053737566279064716
0.44854539257398984, 0.05244414234656861
0.4481931230495477, 0.05565153922878243
0.4496568950773022, 0.055085319100047894
0.4497483509641772, 0.052342066979817574
0.45146764651454907, 0.05346608313942118