nan, nan
nan, nan
nan, nan
nan, nan
nan, nan
nan, nan
nan, nan
nan, nan
nan, nan
nan, nan
nan, nan
nan, nan
nan, nan
nan, nan
nan, nan
nan, nan
nan, nan
nan, nan
nan, nan
nan, nan
nan, nan
nan, nan
nan, nan
nan, nan
nan, nan
nan, nan
nan, nan
nan, nan
nan, nan
nan, nan
nan, nan
nan, nan
nan, nan
nan, nan
nan, nan
nan, nan
nan, nan
nan, nan
nan, nan
nan, nan
nan, nan
nan, nan
nan, nan
nan, nan
nan, nan
nan, nan
nan, nan
nan, nan
nan, nan
nan, nan
nan, nan
nan, nan
nan, nan
nan, nan
nan, nan
nan, nan
nan, nan
nan, nan
nan, nan
nan, nan
nan, nan
nan, nan
nan, nan
nan, nan
nan, nan
nan, nan
nan, nan
nan, nan
nan, nan
nan, nan
nan, nan
nan, nan
nan, nan
nan, nan
nan, nan
nan, nan
nan, nan
nan, nan
nan, nan
nan, nan
nan, nan
nan, nan
nan, nan
nan, nan
nan, nan
nan, nan
nan, nan
nan, nan
nan, nan
nan, nan
nan, nan
nan, nan
nan, nan
nan, nan
nan, nan
nan, nan
nan, nan
nan, nan
nan, nan
nan, nan
nan, nan
nan, nan
nan, nan
nan, nan
nan, nan
nan, nan
nan, nan
nan, nan
nan, nan
nan, nan
nan, nan
nan, nan
nan, nan
nan, nan
nan, nan
nan, nan
nan, nan
nan, nan
nan, nan
nan, nan
nan, nan
nan, nan
nan, nan
nan, nan
nan, nan
nan, nan
nan, nan
nan, nan
nan, nan
nan, nan
nan, nan
nan, nan
nan, nan
nan, nan
nan, nan
nan, nan
nan, nan
nan, nan
nan, nan
nan, nan
nan, nan
nan, nan
nan, nan
nan, nan
nan, nan
nan, nan
nan, nan
nan, nan
nan, nan
nan, nan
nan, nan
nan, nan
nan, nan
nan, nan
nan, nan
nan, nan
nan, nan
nan, nan
nan, nan
nan, nan
nan, nan
nan, nan
nan, nan
nan, nan
nan, nan
nan, nan
nan, nan
nan, nan
nan, nan
nan, nan
nan, nan
nan, nan
nan, nan
nan, nan
nan, nan
nan, nan
nan, nan
nan, nan
nan, nan
nan, nan
nan, nan
nan, nan
nan, nan
nan, nan
nan, nan
nan, nan
nan, nan
nan, nan
nan, nan
nan, nan
nan, nan
nan, nan
nan, nan
nan, nan
nan, nan
nan, nan
nan, nan
nan, nan
nan, nan
nan, nan
nan, nan
nan, nan
nan, nan
nan, nan
nan, nan
nan, nan
nan, nan
nan, nan
nan, nan
nan, nan
nan, nan
nan, nan
nan, nan
nan, nan
nan, nan
nan, nan
nan, nan
nan, nan
nan, nan
nan, nan
nan, nan
nan, nan
nan, nan
nan, nan
nan, nan
nan, nan
nan, nan
nan, nan
nan, nan
nan, nan
nan, nan
nan, nan
nan, nan
nan, nan
nan, nan
nan, nan
nan, nan
nan, nan
nan, nan
nan, nan
nan, nan
nan, nan
nan, nan
nan, nan
nan, nan
nan, nan
nan, nan
nan, nan
nan, nan
nan, nan
nan, nan
nan, nan
nan, nan
nan, nan
nan, nan
nan, nan
nan, nan
nan, nan
nan, nan
nan, nan
nan, nan
nan, nan
nan, nan
nan, nan
nan, nan
nan, nan
nan, nan
nan, nan
nan, nan
nan, nan
nan, nan
nan, nan
nan, nan
nan, nan
nan, nan
nan, nan
nan, nan
nan, nan
nan, nan
nan, nan
nan, nan
nan, nan
nan, nan
nan, nan
nan, nan
nan, nan
nan, nan
nan, nan
nan, nan
nan, nan
nan, nan
nan, nan
nan, nan
nan, nan
nan, nan
nan, nan
nan, nan
nan, nan
nan, nan
nan, nan
nan, nan
nan, nan
nan, nan
nan, nan
nan, nan
nan, nan
nan, nan
nan, nan
nan, nan
nan, nan
nan, nan
nan, nan
nan, nan
nan, nan
nan, nan
nan, nan
nan, nan
nan, nan
nan, nan
nan, nan
nan, nan
nan, nan
nan, nan
nan, nan
nan, nan
nan, nan
nan, nan
nan, nan
nan, nan
nan, nan
nan, nan
nan, nan
nan, nan
nan, nan
nan, nan
nan, nan
nan, nan
nan, nan
nan, nan
nan, nan
nan, nan
nan, nan
nan, nan
nan, nan
nan, nan
nan, nan
nan, nan
nan, nan
nan, nan
nan, nan
nan, nan
nan, nan
nan, nan
nan, nan
nan, nan
nan, nan
nan, nan
nan, nan
nan, nan
nan, nan
nan, nan
nan, nan
nan, nan
nan, nan
nan, nan
nan, nan
nan, nan
nan, nan
nan, nan
nan, nan
nan, nan
nan, nan
nan, nan
nan, nan
nan, nan
nan, nan
nan, nan
nan, nan
nan, nan
nan, nan
nan, nan
nan, nan
nan, nan
nan, nan
nan, nan
nan, nan
nan, nan
nan, nan
nan, nan
nan, nan
nan, nan
nan, nan
nan, nan
nan, nan
nan, nan
nan, nan
nan, nan
nan, nan
nan, nan
nan, nan
nan, nan
nan, nan
nan, nan
nan, nan
nan, nan
nan, nan
nan, nan
nan, nan
nan, nan
nan, nan
nan, nan
nan, nan
nan, nan
nan, nan
nan, nan
nan, nan
nan, nan
nan, nan
nan, nan
nan, nan
nan, nan
nan, nan
nan, nan
nan, nan
nan, nan
nan, nan
nan, nan
nan, nan
nan, nan
nan, nan
nan, nan
nan, nan
nan, nan
nan, nan
nan, nan
nan, nan
nan, nan
nan, nan
nan, nan
nan, nan
nan, nan
nan, nan
nan, nan
nan, nan
nan, nan
nan, nan
nan, nan
nan, nan
nan, nan
nan, nan
nan, nan
nan, nan
nan, nan
nan, nan
nan, nan
nan, nan
nan, nan
nan, nan
nan, nan
nan, nan
nan, nan
nan, nan
nan, nan
nan, nan
nan, nan
nan, nan
nan, nan
nan, nan
nan, nan
nan, nan
nan, nan
nan, nan
nan, nan
nan, nan
nan, nan
nan, nan
nan, nan
nan, nan
nan, nan
nan, nan
nan, nan
nan, nan
nan, nan
nan, nan
nan, nan
nan, nan
nan, nan
nan, nan
nan, nan
nan, nan
nan, nan
nan, nan
nan, nan
nan, nan
nan, nan
nan, nan
nan, nan
nan, nan
0.20534079169797162, 0.0
0.20534079169797162, 0.0
nan, nan
nan, nan
nan, nan
nan, nan
nan, nan
nan, nan
nan, nan
nan, nan
nan, nan
nan, nan
nan, nan
nan, nan
nan, nan
nan, nan
nan, nan
nan, nan
nan, nan
0.1869981451915838, 0.0
0.127384544045829, 0.10325378600659353
0.1501918534799449, 0.13716412693703592
nan, nan
nan, nan
nan, nan
nan, nan
nan, nan
nan, nan
nan, nan
nan, nan
nan, nan
nan, nan
nan, nan
nan, nan
nan, nan
nan, nan
nan, nan
nan, nan
0.3520819637490599, 0.0
0.38527804081012634, 0.06509579169497891
0.38738497266758704, 0.06971872322943004
0.37452535339115023, 0.06680053468234175
nan, nan
nan, nan
nan, nan
nan, nan
nan, nan
nan, nan
nan, nan
0.42384704828901315, 0.0
0.42384704828901315, 0.0
0.42384704828901315, 0.0
nan, nan
nan, nan
nan, nan
0.3520819637490599, 0.0
0.3520819637490599, 0.0
0.337407846543951, 0.04402235161532667
0.3286745133725947, 0.06099704263882302
0.3207277088145544, 0.06696904531122215
0.3179826554500218, 0.0682626819168309
0.32142277702131833, 0.06779969519341228
nan, nan
nan, nan
nan, nan
nan, nan
0.46564377799219997, 0.00016259409645491552
0.46562055026413496, 0.0001609264206118105
0.465576827481895, 0.00014817040653212476
0.46557874035361807, 0.00014901995091152025
0.4655727417364674, 0.00014625556595721252
0.46545408487966894, 0.0017834299861881997
nan, nan
nan, nan
0.4600831336322418, 0.0
0.46008313363224185, 5.551115123125783e-17
0.4417933938069348, 0.04766886032306003
0.43966521899536587, 0.04487550370291623
0.4374330846945595, 0.046945278253766855
0.4378276711339926, 0.04622392140092508
0.43918614276717605, 0.04566844923720187
0.4390403603478792, 0.045438055619796226
nan, nan
nan, nan
nan, nan
nan, nan
0.46564377799219997, 0.00016259409645491552
0.4656979760243516, 0.00015329518424556047
0.4656844265163137, 0.00015743105694038253
0.4656649859178247, 0.00016120503742964653
0.46566700572026487, 0.00016092642061181047
0.46567024679859953, 0.0001604251928151214
nan, nan
0.41688266567896903, 0.052909551567487494
0.40192865754129775, 0.05384058285673831
0.41109725427698723, 0.05348966567777905
0.41674860838458727, 0.05590947595481094
0.4157917897554454, 0.05652917355268112
0.417708417977491, 0.05540148782146446
0.41464993593562777, 0.05799399839301989
0.40864810838359944, 0.059141945920601235
0.4060015233907026, 0.06156013501581532
nan, nan
nan, nan
nan, nan
nan, nan
nan, nan
nan, nan
nan, nan
nan, nan
0.43645813767843733, 0.0
0.45387196540882196, 0.014218330802723477
nan, nan
0.3520819637490599, 0.0
0.35208196374905987, 5.551115123125783e-17
0.34570191279031703, 0.029925091565364614
0.34702191450734016, 0.03387985963025902
0.3486365915589815, 0.04122114261188839
0.3497877846361157, 0.041779352913705235
0.3514241976012299, 0.03940012783268686
0.3545463643527076, 0.03562712224974358
0.3553676015307343, 0.03458810223057385
nan, nan
nan, nan
nan, nan
nan, nan
nan, nan
nan, nan
nan, nan
nan, nan
nan, nan
nan, nan
nan, nan
nan, nan
0.3520819637490599, 0.0
0.3520819637490599, 0.0
0.35208196374905987, 5.551115123125783e-17
0.35218568704775677, 0.0005775068860796607
0.35331069923403985, 0.010969827441009678
0.35092914864560354, 0.015665982134049405
0.3507580342695196, 0.01964581830396473
0.35158901139905246, 0.016458168853437406
nan, nan
nan, nan
nan, nan
nan, nan
0.46548118389574505, 0.0
0.46548118389574505, 0.0
0.46548118389574505, 0.0
0.465481183895745, 5.551115123125783e-17
0.46548118389574517, 1.1102230246251565e-16
0.46548118389574505, 0.0
nan, nan
nan, nan
nan, nan
nan, nan
0.40511666901452464, 0.07500239946287998
0.4157034331564604, 0.08264187069206924
0.4276261533856114, 0.08628363515638372
0.4103932369928615, 0.08296948646048515
0.40967427053321254, 0.08037248890997592
0.41262819812760154, 0.07994388696164366
nan, nan
nan, nan
nan, nan
0.4658063720886549, 0.0
0.4658063720886549, 0.0
0.46580637208865483, 5.551115123125783e-17
0.4657831443605899, 8.374876455084794e-05
0.4657644123218279, 0.00010901467202735549
0.4657403918756007, 0.00013077690062169713
0.4657327445732792, 0.0001360947745252732
nan, nan
0.2713743191209602, 0.0
0.2713743191209602, 0.0
0.2965354943891311, 0.06414866183866579
0.3202023744763609, 0.08191268490062248
0.32902214265636, 0.08515251387467725
0.33169511519570477, 0.08560075050206153
0.3310838906361162, 0.08523799957122824
0.3292972663664116, 0.0851822536783282
0.33082467807412064, 0.08604266275876497
nan, nan
nan, nan
nan, nan
nan, nan
nan, nan
nan, nan
nan, nan
nan, nan
nan, nan
nan, nan
nan, nan
0.3520819637490599, 0.0
0.3520819637490599, 0.0
0.3495384342551068, 0.03419540494816472
0.345150010710927, 0.040138187114425676
0.34853195199355513, 0.04696625567487333
0.34553736794924106, 0.048452836174972036
0.3433364822062287, 0.047298942821361344
0.34167253216906845, 0.04495162306371985
0.33970565360516475, 0.039771412197477714
nan, nan
nan, nan
nan, nan
nan, nan
nan, nan
nan, nan
nan, nan
nan, nan
nan, nan
0.46548118389574505, 0.0
nan, nan
nan, nan
nan, nan
0.36117980550075407, 0.07730818073126744
0.3521352788007485, 0.052677229494685195
0.34792499249864345, 0.04968343395471193
0.34303153991158364, 0.042550870510401795
0.34393996161871115, 0.04004627041188125
0.3455272493398863, 0.04089632167651778
0.34433928512523826, 0.037936655870730175
nan, nan
nan, nan
nan, nan
nan, nan
nan, nan
nan, nan
nan, nan
nan, nan
nan, nan
nan, nan
nan, nan
0.3520819637490599, 0.0
0.33190505259203507, 0.034947435263770414
0.32441631707883845, 0.06950443644855564
0.334419070647381, 0.06837744730644243
0.3357717398370917, 0.07155791515884997
0.34027993419891434, 0.07538251516599474
0.34251130116184786, 0.07399617713308268
0.3418707216101937, 0.07197194424917969
0.34146293924442445, 0.07542124905354132
nan, nan
nan, nan
0.46548118389574505, 0.0
0.46548118389574505, 0.0
0.4655107464587369, 9.348503252629855e-05
0.46552900568882005, 0.00011517012884794955
0.46552922306060673, 0.00011538634169458449
0.4655233838902448, 0.00010927991771775525
0.46551772189494844, 0.00010269713018237014
0.46551034149212056, 9.290608509963332e-05
nan, nan
0.35941902235161466, 0.007337058602554736
0.3579516106311037, 0.007188819915662761
0.3712711939403564, 0.049973143252747425
0.37366154787422023, 0.05305594312322275
0.38355281079934617, 0.062017612922606685
0.3764010750469039, 0.05361373997739587
0.37449932663168783, 0.04994448659534253
0.36899722413025043, 0.04412519593477759
0.36855900208024633, 0.043197964670656876
nan, nan
nan, nan
nan, nan
nan, nan
nan, nan
nan, nan
nan, nan
0.3056308628179305, 0.15985032107781458
0.2736607986023676, 0.15662068874428178
0.29333468427348325, 0.15937668945577801
nan, nan
nan, nan
0.3520819637490599, 0.0
0.32701368019033217, 0.06284568908814443
0.33807485187145603, 0.07245302194923048
0.33562916567060447, 0.07329618394491715
0.3364957812480534, 0.07212044504525157
0.3372375473113966, 0.06957045211628515
0.3365093701131084, 0.06833122920185165
0.3397972725973416, 0.06729591276739684
nan, nan
nan, nan
nan, nan
0.46548118389574505, 0.0
0.4655624809439725, 0.00014081061803533418
0.46557874035361807, 0.00014901995091152028
0.46556790074718774, 0.00014380362961808262
0.46556356490461565, 0.00014143090462188148
0.4655472649189033, 0.00013085131594601197
0.4655408454392023, 0.0001258639334176895
nan, nan
nan, nan
nan, nan
nan, nan
0.3520819637490599, 0.0
0.36434949245788906, 0.03220971872846107
0.36395376572534605, 0.03175999567754445
0.3643467647110585, 0.03790303573011143
0.36057371212101075, 0.03910994278092134
0.3611719846571409, 0.04158960180879047
nan, nan
nan, nan
nan, nan
nan, nan
nan, nan
0.4658063720886549, 0.0
0.4658063720886549, 0.0
0.4658063720886549, 0.0
0.46580637208865494, 5.551115123125783e-17
0.46580637208865483, 5.551115123125783e-17
nan, nan
nan, nan
0.4240827436711812, 0.05091223973365219
0.3790822562198555, 0.04676587837863722
0.3824572927787048, 0.04855832016378905
0.37780529757767894, 0.048041771690158795
0.3776126134074105, 0.048575595019171094
0.3760325316918415, 0.049006071995778985
0.37764528185438684, 0.04657968845873266
0.3780531224020017, 0.04730915820775894
nan, nan
nan, nan
nan, nan
nan, nan
0.46548118389574505, 0.0
0.46548118389574505, 0.0
0.4654811838957451, 5.551115123125783e-17
0.4654923972817075, 5.933566122302831e-05
0.46549021690110354, 5.3439980382681925e-05
0.4654878888069391, 4.621041138838336e-05
nan, nan
nan, nan
0.38808235371012056, 0.05091223973365215
0.40979064922025354, 0.06444523565769
0.40394227431304197, 0.06466763146768344
0.4053507135145472, 0.06555853547257288
0.4081040171349778, 0.06827501853440446
0.408835239557437, 0.06861940878678616
0.41087092241883383, 0.06991118157218862
0.41580271818182385, 0.06939760888258673
nan, nan
nan, nan
0.46548118389574505, 0.0
0.46548118389574505, 0.0
0.46548118389574505, 0.0
0.46548118389574505, 0.0
0.46548118389574505, 0.0
0.465481183895745, 5.551115123125783e-17
0.46548118389574494, 1.1102230246251565e-16
0.4654811838957451, 5.551115123125783e-17
nan, nan
nan, nan
nan, nan
nan, nan
nan, nan
nan, nan
nan, nan
nan, nan
nan, nan
nan, nan
nan, nan
nan, nan
nan, nan
nan, nan
nan, nan
nan, nan
nan, nan
0.46548118389574505, 0.0
0.46548118389574505, 0.0
0.46548118389574505, 0.0
nan, nan
nan, nan
nan, nan
nan, nan
nan, nan
nan, nan
0.366756080954169, 0.0
0.366756080954169, 0.0
0.3349621603430996, 0.04496339372918782
0.33950414900182374, 0.04308908780466503
nan, nan
nan, nan
0.46548118389574505, 0.0
0.46548118389574505, 0.0
0.4654811838957451, 5.551115123125783e-17
0.46548118389574505, 0.0
0.4654811838957452, 1.6653345369377348e-16
0.46548118389574505, 1.33897934774369e-17
0.4654811838957451, 5.641260911756629e-17
0.46548118389574517, 1.1102230246251565e-16
nan, nan
nan, nan
nan, nan
nan, nan
0.4600831336322418, 0.0
0.4600831336322418, 0.0
0.41290593000442155, 0.08171331364240741
0.40616632948616155, 0.08524995262941175
0.3768896774994747, 0.09085459813706162
0.3751615541895575, 0.09451651010878646
nan, nan
nan, nan
nan, nan
nan, nan
nan, nan
0.46548118389574505, 0.0
0.46548118389574505, 0.0
0.46548118389574505, 0.0
0.46548118389574505, 0.0
0.46548118389574517, 1.1102230246251565e-16
nan, nan
nan, nan
nan, nan
nan, nan
nan, nan
nan, nan
nan, nan
nan, nan
nan, nan
0.366756080954169, 0.0
nan, nan
nan, nan
nan, nan
nan, nan
nan, nan
0.46548118389574566, 0.0
0.46548118389574517, 2.4450125863434693e-16
0.4654811838957452, 2.482534153247273e-16
0.4654811838957451, 2.710749615903986e-16
0.46548118389574533, 2.903053538921862e-16
nan, nan
nan, nan
nan, nan
nan, nan
nan, nan
nan, nan
nan, nan
nan, nan
nan, nan
nan, nan
nan, nan
nan, nan
nan, nan
0.46548118389574505, 0.0
0.46548118389574505, 0.0
0.46548118389574505, 0.0
0.46548810279346625, 4.692624746661001e-05
0.46550743796449984, 0.00016940888688560306
0.4655041653985066, 0.0001587362808878476
0.46550174161216357, 0.00014923901705304806
nan, nan
nan, nan
nan, nan
0.5428454874154757, 0.0
0.5428454874154757, 0.0
0.522154898969667, 0.03583715042663801
0.5180167812805054, 0.03792647509043858
0.510553959655316, 0.04379088983459006
0.5121599858801644, 0.04308703533369593
0.5113455657811117, 0.046098064246263205
nan, nan
nan, nan
0.46548118389574505, 0.0
0.46548118389574505, 0.0
0.46548118389574505, 0.0
0.46548118389574517, 1.6776249954617035e-16
0.46548118389574517, 1.7355559435009974e-16
0.4654811838957453, 2.3797636604737993e-16
0.4654811838957451, 1.6202208648144145e-16
0.46548280620290206, 4.617167112209495e-05
nan, nan
nan, nan
nan, nan
nan, nan
nan, nan
nan, nan
nan, nan
0.2789027069161002, 0.0
0.2789027069161002, 0.0
0.27890270691610025, 5.551115123125783e-17
nan, nan
nan, nan
nan, nan
nan, nan
nan, nan
0.46548118389574505, 0.0
0.46548118389574505, 0.0
0.46548118389574505, 0.0
0.46548118389574505, 0.0
0.46548118389574483, 2.220446049250313e-16
nan, nan
nan, nan
nan, nan
0.4600831336322418, 0.0
0.4600831336322418, 0.0
0.4600831336322418, 0.0
0.4600831336322418, 0.0
0.46008313363224185, 5.551115123125783e-17
0.46008313363224185, 5.551115123125783e-17
0.4600831336322418, 0.0
nan, nan
nan, nan
nan, nan
0.46548118389574505, 0.0
0.46548118389574505, 0.0
0.4654811838957451, 5.551115123125783e-17
0.4654811838957451, 5.551115123125783e-17
0.46548118389574517, 1.1102230246251565e-16
0.4654811838957451, 5.551115123125783e-17
0.4654811838957451, 5.889090324834612e-17
nan, nan
nan, nan
nan, nan
nan, nan
0.4600831336322414, 0.0
0.46008313363224146, 5.551115123125783e-17
0.43868846300068065, 0.04040560222559229
0.44333947835536786, 0.036818091837594644
0.43497293682229515, 0.049361908424796076
0.43589777954452097, 0.04867180858485923
nan, nan
nan, nan
0.46548118389574505, 0.0
0.46548118389574505, 0.0
0.46548118389574505, 0.0
0.46548118389574505, 0.0
0.4654811838957451, 5.551115123125783e-17
0.46548118389574517, 1.1102230246251565e-16
0.46548118389574517, 1.153534787958812e-16
0.4654811838957451, 6.312995352117186e-17
nan, nan
nan, nan
nan, nan
nan, nan
0.4600831336322414, 0.0
0.42408274367118093, 0.05091223973365197
0.42408274367118093, 0.05091223973365197
0.41460895683932286, 0.05332319887362547
0.4114826071848098, 0.053729903613291705
0.4105825974357833, 0.053812756250961415
nan, nan
0.46548118389574566, 0.0
0.4654811838957454, 3.065703529144609e-16
0.4654811838957453, 2.7336071744532853e-16
0.46548118389574517, 2.1499376424746292e-16
0.4654811838957452, 2.3367169836852787e-16
0.4654811838957452, 2.290867495145908e-16
0.46548118389574517, 2.1816621119388373e-16
0.46548118389574517, 2.1685791980475956e-16
0.46548118389574517, 2.0708989405498822e-16
nan, nan
nan, nan
nan, nan
nan, nan
nan, nan
nan, nan
nan, nan
nan, nan
nan, nan
nan, nan
nan, nan
nan, nan
0.46548118389574505, 0.0
0.46548118389574505, 0.0
0.4654811838957451, 2.0301453349424727e-16
0.46548118389574517, 2.1138016631127878e-16
0.4654811838957449, 3.1765783629443196e-16
0.4654811838957452, 2.2351849389866434e-16
0.4654811838957452, 2.2117554247121401e-16
0.4654811838957452, 2.1562569445725214e-16
nan, nan
nan, nan
nan, nan
nan, nan
nan, nan
nan, nan
nan, nan
0.4600831336322414, 0.0
0.46008313363224146, 5.551115123125783e-17
0.46008313363224135, 5.551115123125783e-17
nan, nan
nan, nan
nan, nan
nan, nan
nan, nan
0.46548118389574505, 0.0
0.46548118389574505, 0.0
0.46548118389574505, 0.0
0.46548118389574494, 1.1102230246251565e-16
0.4654811838957451, 5.551115123125783e-17
nan, nan
nan, nan
nan, nan
nan, nan
nan, nan
nan, nan
nan, nan
0.5428454874154761, 0.0
0.5428454874154761, 0.0
0.5428454874154761, 0.0
nan, nan
nan, nan
nan, nan
nan, nan
0.46548118389574505, 0.0
0.46548118389574505, 0.0
0.46548118389574505, 0.0
0.46548118389574505, 0.0
0.46548118389574505, 0.0
0.46548118389574517, 1.1102230246251565e-16
nan, nan
nan, nan
nan, nan
nan, nan
nan, nan
nan, nan
nan, nan
nan, nan
nan, nan
nan, nan
nan, nan
nan, nan
nan, nan
nan, nan
nan, nan
nan, nan
nan, nan
nan, nan
0.46548118389574505, 0.0
0.46548118389574505, 0.0
nan, nan
nan, nan
nan, nan
nan, nan
nan, nan
nan, nan
nan, nan
nan, nan
nan, nan
nan, nan
nan, nan
nan, nan
nan, nan
nan, nan
nan, nan
nan, nan
nan, nan
0.46548118389574505, 0.0
0.46548118389574517, 2.4450125863434693e-16
0.4654811838957453, 2.6976011974787044e-16
nan, nan
nan, nan
nan, nan
nan, nan
nan, nan
nan, nan
nan, nan
nan, nan
0.3007225535311792, 0.0
0.3194249821062284, 0.03239355651691316
nan, nan
nan, nan
nan, nan
nan, nan
nan, nan
nan, nan
nan, nan
nan, nan
nan, nan
0.46548118389574533, 3.065703529144609e-16
nan, nan
nan, nan
nan, nan
0.33812741068127744, 0.03740485715009845
0.325659124964578, 0.03526563752019831
0.3156844963912183, 0.02992388572007876
0.31568449639121854, 0.029923885720078765
0.3129207284543399, 0.035777003991780805
0.3107567219497496, 0.038296395879002396
0.3093257823923868, 0.03835368590639667
nan, nan
nan, nan
nan, nan
nan, nan
nan, nan
nan, nan
nan, nan
nan, nan
nan, nan
nan, nan
nan, nan
0.300722553531179, 0.0
0.300722553531179, 0.0
0.300722553531179, 0.0
0.3029895145705789, 0.012823868189163019
0.29914310037659225, 0.024831927341643648
0.2957512469326398, 0.028180215737933143
0.2953301462433194, 0.029791104193211168
0.2938880005489103, 0.031723582837178126
0.29256174188154194, 0.033785388709268956
nan, nan
nan, nan
nan, nan
nan, nan
nan, nan
nan, nan
nan, nan
nan, nan
nan, nan
nan, nan
0.300722553531179, 0.0
0.300722553531179, 0.0
0.3007225535311789, 1.1102230246251565e-16
0.30171828399444567, 0.007840389508153618
0.30149504514623543, 0.015153395571838561
0.3020869086064701, 0.01249588201900295
0.3021435129280648, 0.009634131041843626
0.3024379659732335, 0.011223475697703614
0.30268263409498825, 0.013492101383708384
0.30174851116196383, 0.008691771129303383
nan, nan
nan, nan
nan, nan
nan, nan
nan, nan
nan, nan
nan, nan
nan, nan
nan, nan
nan, nan
nan, nan
nan, nan
nan, nan
nan, nan
0.300722553531179, 0.0
0.300722553531179, 0.0
0.300722553531179, 0.0
0.30072255353117894, 5.551115123125783e-17
0.30172001638851503, 0.008580499940597654
0.3014418777071425, 0.007300343062002185
nan, nan
nan, nan
nan, nan
nan, nan
nan, nan
nan, nan
nan, nan
nan, nan
nan, nan
nan, nan
nan, nan
nan, nan
nan, nan
nan, nan
nan, nan
nan, nan
nan, nan
nan, nan
nan, nan
0.300722553531179, 0.0
nan, nan
nan, nan
nan, nan
nan, nan
nan, nan
nan, nan
nan, nan
nan, nan
nan, nan
nan, nan
nan, nan
nan, nan
0.3755322678313759, 0.0
0.3755322678313759, 0.0
0.3755322678313759, 0.0
0.3755322678313759, 0.0
0.3755322678313759, 0.0
0.3755322678313759, 0.0
0.3755322678313758, 1.1102230246251565e-16
0.37626333122187805, 0.005674053310561686
nan, nan
nan, nan
nan, nan
nan, nan
nan, nan
0.46548118389574505, 0.0
0.46548118389574505, 0.0
0.46548118389574505, 0.0
0.46548118389574505, 0.0
0.4654811838957451, 5.551115123125783e-17
nan, nan
nan, nan
nan, nan
nan, nan
nan, nan
nan, nan
nan, nan
nan, nan
nan, nan
nan, nan
nan, nan
nan, nan
nan, nan
0.46548118389574505, 0.0
0.46548118389574505, 0.0
0.4654811838957451, 5.551115123125783e-17
0.46548118389574505, 0.0
0.4654958026857924, 0.00013791338947953302
0.4655010433841112, 0.0001604199267553554
0.4654957420269125, 0.000137630172885384
nan, nan
nan, nan
nan, nan
0.27137431912096044, 0.0
0.34265380185147515, 0.06260553227275849
0.34909794137280287, 0.05679207646311428
0.3553557591901826, 0.056560645921694935
0.349923623940954, 0.059308777213024494
0.3505190983103026, 0.06090421090126455
0.34770014234826346, 0.06057054285520752
nan, nan
nan, nan
nan, nan
nan, nan
nan, nan
nan, nan
nan, nan
nan, nan
nan, nan
nan, nan
nan, nan
0.27137431912096044, 0.0
0.2832970393501115, 0.03154455267773289
0.31384825247306974, 0.06838417182548456
0.3110438832407048, 0.07067136618123099
0.3109371989603635, 0.0665033389126077
0.3126815112785523, 0.06816652560790247
0.3097807461881573, 0.06426356712222847
0.30792895107773316, 0.0663893018198394
0.3107476065166481, 0.07025370587227661
nan, nan
nan, nan
nan, nan
nan, nan
nan, nan
nan, nan
nan, nan
nan, nan
nan, nan
nan, nan
nan, nan
0.4600831336322418, 0.0
0.4289741160728843, 0.043994794544546086
0.38316426076241805, 0.07855584190317419
0.37362731074125904, 0.08158756406797983
0.3709620198777403, 0.08323223723640143
0.3690387505733228, 0.08626523306969965
0.36772711187866364, 0.08803287800001436
0.3648203033271937, 0.0894204567396233
0.3607117497437387, 0.08910511309490653
nan, nan
nan, nan
nan, nan
0.46548118389574505, 0.0
0.46548118389574505, 0.0
0.4654811838957451, 5.551115123125783e-17
0.46548118389574505, 0.0
0.46504144077124027, 0.003545322412798729
0.4644786289130505, 0.00561223217768851
0.46466138633177084, 0.005089725545766624
nan, nan
nan, nan
nan, nan
0.42408274367118115, 0.05091223973365215
0.4465829873968441, 0.03571802960186725
0.43283882229631915, 0.04662732407613844
0.4314182667876431, 0.047725504053349466
0.4300152496498058, 0.052162633339396726
0.4273924935325734, 0.05599437569655737
0.42430338145197777, 0.0562903428938524
nan, nan
nan, nan
nan, nan
0.46548118389574505, 0.0
0.4655895799600483, 0.00015329518424556045
0.4655895799600484, 0.00015329518424556045
0.46560041956647874, 0.00015670637230489367
0.46561459443642617, 0.00015995361913498108
0.4656112591729091, 0.0001593090286013657
0.4656038715303925, 0.00015762079338718432
nan, nan
nan, nan
0.27137431912096044, 0.0
0.33924211119458925, 0.11755046406904543
0.4160061165333177, 0.14046166877190508
0.41865002453120637, 0.12762302793828767
0.41265386991643793, 0.12796312692426
0.4152253301395833, 0.12480827161717832
0.41311584153229947, 0.1242169094327608
0.40769619095273646, 0.12470577483712363
0.4658063720886549, 0.0
0.4658063720886549, 0.0
0.4657901126790095, 7.087312352632815e-05
0.4657768095256629, 9.348503252629855e-05
0.4645700066507449, 0.014004921683358233
0.46525588601804596, 0.009212541357712047
0.4650918697277215, 0.010540333609293684
0.4655575711841305, 0.00596620673278051
0.46577949703138954, 8.953872125193251e-05
0.4657852391689565, 8.015968857628993e-05
nan, nan
nan, nan
nan, nan
0.4516701949322593, 0.07810575584246478
0.4495669602572636, 0.08719815588166338
0.4601697455685247, 0.08879559350123317
0.45602784923914624, 0.08923800244761082
0.45157669663894173, 0.09018632745086834
0.4534313327982969, 0.09148461839852534
0.4538573231391023, 0.09163467365472533
nan, nan
nan, nan
0.4658063720886549, 0.0
0.46580637208865483, 5.551115123125783e-17
0.4573824493770557, 0.05368559732071547
0.45487736684236774, 0.060963477822381394
0.4550454706267175, 0.06049000191404218
0.45594875090981973, 0.05796654608689288
0.45921246985866, 0.047533998436724866
0.4588087126749412, 0.04861345578397385
nan, nan
0.31172814143501015, 0.04035382231404974
0.3602700213255846, 0.07339174812190379
0.3746464493211148, 0.08727345838927456
0.37865042690151174, 0.08402019227787011
0.38853379916383746, 0.08770848026753815
0.38992253809209115, 0.08848735141379395
0.3907175476611423, 0.08632405833878856
0.387644129410676, 0.08698621856746303
0.38521182850529023, 0.08613673474400993
nan, nan
nan, nan
0.4656979760243516, 0.00015329518424556047
0.46576572356454116, 0.0001075458859667388
0.465713461176395, 0.00014690505111275486
0.46570231186692385, 0.00015169253677031188
0.4657014962080471, 0.00017320699755077397
0.46570263500216086, 0.00016804204960600206
0.4656979327581112, 0.0001785179122078978
0.46568985156037634, 0.00017097305863382573
nan, nan
nan, nan
0.366756080954169, 0.0
0.36308755165289175, 0.006354079138867386
0.3933572000519463, 0.09157000271362817
0.4154332903270076, 0.10821338653160349
0.4202139305335505, 0.11198572199749636
0.41028746912337805, 0.11148379423215442
0.40566280405838195, 0.11004241879179404
0.4001608301130798, 0.101636389581704
nan, nan
nan, nan
0.46548118389574505, 0.0
0.46548118389574505, 0.0
0.465611259172909, 0.00015930902860136572
0.4656546175986303, 0.0001622323738790318
0.4656657501673966, 0.000161102649634076
0.4656807311959396, 0.00015833919582768706
0.4656745777549645, 0.00015965028911854655
0.4656741912764289, 0.00015972436365313162
0.36675608095416884, 0.0
0.3656273027076221, 0.0039102025469952735
0.36518385411076426, 0.055075335473041734
0.36852443079454006, 0.06036040752811391
0.37155445073095505, 0.06549302285385249
0.36954368349934735, 0.06394932184732485
0.3684572999537416, 0.06177611372315031
0.36501068240059326, 0.06309406345292676
0.3623725298020798, 0.05984706079105439
0.3598097525209512, 0.061937243826674544
nan, nan
nan, nan
nan, nan
0.4658063720886549, 0.0
0.4657521740565032, 0.00012119048413778288
0.4657521740565032, 0.00012119048413778289
0.4657220640386413, 0.00014250661435381845
0.4657262532585176, 0.00014012376903228463
0.46571623840475046, 0.00014555524317245666
0.46571213387764837, 0.00014752733010041407
nan, nan
0.366756080954169, 0.0
0.3190652000375647, 0.047690880916604284
0.337936081488693, 0.060658665523816956
0.35182439337063864, 0.06653819862587224
0.35675949111696564, 0.06706960316645608
0.360060339088169, 0.06637786025617225
0.36340367725896144, 0.06714477951733355
0.359947755520306, 0.06592918509738713
0.36467264429151547, 0.06414723767140557
nan, nan
0.4658063720886549, 0.0
0.4656979760243516, 0.00015329518424556047
0.4656289967107041, 0.00016192082608277816
0.4656187635158223, 0.00016065838345240776
0.46561022682943926, 0.00015909481348996344
0.4656085303209406, 0.000158727571243233
0.46560694728526814, 0.00015836773417870183
0.4656004331329448, 0.00015671012532104655
0.4655914792653053, 0.00015395351040875188
nan, nan
0.3520819637490599, 0.0
0.3520819637490599, 0.0
0.4428781709098789, 0.11566037882996433
0.4182289350146571, 0.11446957247193486
0.431642759889367, 0.11812618340799359
0.44321905686149016, 0.11678903296670771
0.45048711347052534, 0.11535646692667491
0.45951506206937387, 0.11745398191150372
0.45671395321631425, 0.11039307610677011
nan, nan
nan, nan
0.46548118389574505, 0.0
0.465546221534327, 0.0001300752771639324
0.4655624809439725, 0.00014081061803533418
0.4655674583142721, 0.00014356931065859644
0.4655797257723843, 0.00014944615531584582
0.4655769390196048, 0.00014822075409473724
0.46557117308120444, 0.0001454832193117562
0.4655625869375165, 0.00014087176026930908
nan, nan
nan, nan
0.3520819637490599, 0.0
0.3520819637490599, 0.0
0.3520819637490599, 0.0
0.35539751204874337, 0.01760900151593722
0.3606719542242317, 0.03074666297930466
0.36180170904133985, 0.033513246644855964
0.3631425408676118, 0.03662928205999406
0.3633883986950169, 0.04039243457498686
nan, nan
nan, nan
nan, nan
nan, nan
nan, nan
nan, nan
0.46548118389574505, 0.0
0.46548118389574505, 0.0
0.4655218324198588, 0.0001075458859667388
0.46549473340378295, 6.498115777358606e-05
0.5428454874154757, 0.0
0.5428454874154757, 0.0
0.5262930166588289, 0.033104941513293705
0.5207755264066133, 0.03659888990208517
0.5098802094679079, 0.05656317378637525
0.48859209837985945, 0.07558777400924019
0.48636967011415927, 0.07794172189062876
0.4852574635814239, 0.07972640150454159
0.4821871340633738, 0.08396735052055983
0.477139110420212, 0.08632465526432033
0.46548118389574505, 0.0
0.46548118389574505, 0.0
0.46548118389574505, 0.0
0.4655107464587369, 9.348503252629855e-05
0.4655353819278967, 0.00012119048413778289
0.4655521340469252, 0.00013430646855791626
0.4655747311841164, 0.00014720522577496247
0.4655878456230195, 0.0001526709215268174
0.46557373422231707, 0.0001467334675613603
0.4655772525645001, 0.00014836174598373337
nan, nan
0.40608254869065064, 0.05400058494159074
0.42408274367118093, 0.050912239733651964
0.4276966307904328, 0.0574198955161803
0.43279886624131736, 0.056362287902968405
0.4307173165985937, 0.05960404217972671
0.42915773203873014, 0.06134407123441587
0.4298639693300603, 0.06203272315747124
0.4296475489911727, 0.05728226398473552
0.43345006285693805, 0.057421500891863486
nan, nan
nan, nan
0.46548118389574505, 0.0
0.46548118389574505, 0.0
0.4654811838957451, 5.551115123125783e-17
0.46548118389574505, 0.0
0.4654811838957451, 5.551115123125783e-17
0.4654811838957451, 5.632454477239211e-17
0.46548118389574505, 8.229520583448182e-18
0.4654811838957451, 5.551115123125783e-17
nan, nan
nan, nan
nan, nan
nan, nan
nan, nan
0.4600831336322414, 0.0
0.46008313363224146, 5.551115123125783e-17
0.48999228343935036, 0.07326215566787903
0.4746065906518859, 0.07312182520464014
0.4714726597151706, 0.07182698405325898
nan, nan
nan, nan
nan, nan
nan, nan
nan, nan
nan, nan
0.46548118389574505, 0.0
0.46548118389574505, 0.0
0.46548118389574505, 0.0
0.46548118389574505, 0.0
nan, nan
nan, nan
0.5406077677283044, 0.12883941455370015
0.5148398848175644, 0.1262363297661913
0.5098619983461714, 0.12138662440835836
0.5120581247306095, 0.12002142681066084
0.5027576991279449, 0.11512973992719466
0.49276736605962507, 0.10977471528375846
0.48902218178897583, 0.1087636023078099
0.4838778862642917, 0.10510583749582791
nan, nan
nan, nan
nan, nan
nan, nan
nan, nan
0.46548118389574505, 0.0
0.46548118389574505, 0.0
0.46548118389574505, 0.0
0.46548118389574505, 0.0
0.46548118389574483, 2.220446049250313e-16
nan, nan
nan, nan
nan, nan
nan, nan
0.5428454874154757, 0.0
0.5428454874154757, 0.0
0.5159429392061093, 0.06015592656410842
0.49442090063861627, 0.073969778133972
0.5061601944027032, 0.06764433797201408
0.4907055390483867, 0.07626748453904442
nan, nan
nan, nan
nan, nan
nan, nan
0.4656979760243516, 0.00015329518424556047
0.4656585592736959, 0.00016192082608277816
0.46567426438528525, 0.00015971042557904336
0.4656665061992314, 0.0001609977291986793
0.4656549686790006, 0.00016220853470431997
0.4656450423319858, 0.0001625891805960544
nan, nan
nan, nan
0.5014643105238588, 0.041381176891617355
0.5899170902691293, 0.0752919809948378
0.592125897989424, 0.08529898550869017
0.587785268451143, 0.08447106498251832
0.585385109500872, 0.08462246058125605
0.5804719041245722, 0.08678268331410538
0.5822601145160485, 0.08687255251420993
0.5817721872738375, 0.08560734773926552
nan, nan
nan, nan
nan, nan
0.4658063720886549, 0.0
0.4657250750404274, 0.00014081061803533418
0.4656979760243516, 0.00015329518424556047
0.46565628523038877, 0.00016211233511018833
0.4656521399743034, 0.00016237893169156168
0.4656539401232284, 0.00016227621912945638
0.4656452132490413, 0.00016258776165440543
nan, nan
0.5428454874154759, 2.220446049250313e-16
0.5609314438249801, 0.04430136471350398
0.5382686396077931, 0.08857794048437315
0.5234803388835078, 0.11148306796667773
0.5154705116232129, 0.11354584521092885
0.5184677161833848, 0.10921066505612846
0.5230660228340653, 0.108270372184915
0.5277018923290864, 0.10878209829363508
0.537132971847041, 0.10478015125652727
nan, nan
nan, nan
nan, nan
nan, nan
0.4658063720886549, 0.0
0.4658063720886549, 0.0
0.4658063720886549, 0.0
0.46573668890445996, 0.0001334331390060727
0.45856461169263435, 0.04715423778039816
0.45729103648493935, 0.050983123995064494
0.46008313363224196, 0.0
0.5143166410691508, 0.11454904955386343
0.5035787826876638, 0.11821270317725657
0.49753703671363947, 0.11322064363525614
0.48149762190125245, 0.11150567950346389
0.4781929498856705, 0.10751435929399594
0.48700988548960755, 0.10607023218158226
0.4789864290099106, 0.11002049236321546
0.4764104448198706, 0.11087864914443943
0.4676366664131216, 0.1073696410367699