nan, nan
nan, nan
nan, nan
nan, nan
nan, nan
nan, nan
nan, nan
nan, nan
nan, nan
nan, nan
nan, nan
nan, nan
nan, nan
nan, nan
nan, nan
nan, nan
nan, nan
nan, nan
nan, nan
nan, nan
nan, nan
nan, nan
nan, nan
nan, nan
nan, nan
nan, nan
nan, nan
nan, nan
nan, nan
nan, nan
nan, nan
nan, nan
nan, nan
nan, nan
nan, nan
nan, nan
nan, nan
nan, nan
nan, nan
nan, nan
nan, nan
nan, nan
nan, nan
nan, nan
nan, nan
nan, nan
nan, nan
nan, nan
nan, nan
nan, nan
nan, nan
nan, nan
nan, nan
nan, nan
nan, nan
nan, nan
nan, nan
nan, nan
nan, nan
nan, nan
nan, nan
nan, nan
nan, nan
nan, nan
nan, nan
nan, nan
nan, nan
nan, nan
nan, nan
nan, nan
nan, nan
nan, nan
nan, nan
nan, nan
nan, nan
nan, nan
nan, nan
nan, nan
nan, nan
nan, nan
nan, nan
nan, nan
nan, nan
nan, nan
nan, nan
nan, nan
nan, nan
nan, nan
nan, nan
nan, nan
nan, nan
nan, nan
nan, nan
nan, nan
nan, nan
nan, nan
nan, nan
nan, nan
nan, nan
nan, nan
nan, nan
nan, nan
nan, nan
nan, nan
nan, nan
nan, nan
nan, nan
nan, nan
nan, nan
nan, nan
nan, nan
nan, nan
nan, nan
nan, nan
nan, nan
nan, nan
nan, nan
nan, nan
nan, nan
nan, nan
nan, nan
nan, nan
nan, nan
nan, nan
nan, nan
nan, nan
nan, nan
nan, nan
nan, nan
nan, nan
nan, nan
nan, nan
nan, nan
nan, nan
nan, nan
nan, nan
nan, nan
nan, nan
nan, nan
nan, nan
nan, nan
nan, nan
nan, nan
nan, nan
nan, nan
nan, nan
nan, nan
nan, nan
nan, nan
nan, nan
nan, nan
nan, nan
nan, nan
nan, nan
nan, nan
nan, nan
nan, nan
0.16865549868519938, 0.0
0.16865549868519938, 0.0
0.16865549868519938, 0.0
nan, nan
nan, nan
nan, nan
nan, nan
nan, nan
nan, nan
nan, nan
nan, nan
nan, nan
nan, nan
nan, nan
nan, nan
nan, nan
nan, nan
nan, nan
nan, nan
nan, nan
0.21850923134405373, 0.0
0.11946393140589658, 0.08087014875646642
0.13597148139558943, 0.08253774994846429
nan, nan
nan, nan
nan, nan
nan, nan
nan, nan
nan, nan
nan, nan
nan, nan
nan, nan
nan, nan
nan, nan
nan, nan
nan, nan
nan, nan
nan, nan
0.12250876913265348, 0.06907503768552833
0.07549357141898877, 0.05903885482269762
0.09843930252433944, 0.0706051996410576
0.10829768715783834, 0.07207024911301962
0.12049869517851146, 0.07143888509363217
nan, nan
nan, nan
nan, nan
nan, nan
nan, nan
nan, nan
nan, nan
nan, nan
nan, nan
nan, nan
nan, nan
nan, nan
nan, nan
nan, nan
nan, nan
0.02558285593538661, 0.0
0.12106790780372169, 0.07003176835873928
0.13808772417212573, 0.06209589468662614
0.14369418443583587, 0.06294643088311949
0.1462181254793976, 0.06478978959084887
nan, nan
nan, nan
nan, nan
nan, nan
nan, nan
nan, nan
nan, nan
nan, nan
nan, nan
nan, nan
nan, nan
nan, nan
nan, nan
0.14603706065759667, 0.0
0.16555709472641886, 0.022539793848450323
0.16674012709422623, 0.02267907299374026
0.16667543001161184, 0.02267307391032313
0.16588428712196593, 0.024806994447763884
0.16659088693850962, 0.026602330224941892
0.16633966173699175, 0.026419566101710156
nan, nan
nan, nan
nan, nan
nan, nan
nan, nan
nan, nan
nan, nan
nan, nan
nan, nan
nan, nan
nan, nan
nan, nan
0.1915838068181818, 0.0
0.1915838068181818, 0.0
0.1915838068181818, 0.0
0.1915838068181818, 0.0
0.19158380681818177, 2.7755575615628914e-17
0.19061948669654782, 0.0252170377874511
0.1922153705618766, 0.022529150910594015
0.1921889693955149, 0.02379387615546928
nan, nan
nan, nan
nan, nan
nan, nan
nan, nan
nan, nan
nan, nan
nan, nan
nan, nan
nan, nan
0.1915838068181818, 0.0
0.1915838068181818, 0.0
0.19158380681818177, 2.7755575615628914e-17
0.19158380681818177, 2.7755575615628914e-17
0.19026713169767398, 0.013166751205079218
0.19123474487601894, 0.015668917560657743
0.19137215821530515, 0.020789062585456663
0.19164544455740518, 0.01621826842817604
0.19318805073576692, 0.02102528275050341
0.19415116172770608, 0.023394456911283685
nan, nan
nan, nan
nan, nan
nan, nan
nan, nan
nan, nan
nan, nan
nan, nan
nan, nan
nan, nan
0.1915838068181818, 0.0
0.1915838068181818, 0.0
0.1915838068181818, 0.0
0.1915838068181818, 0.0
0.19172477762721782, 0.0019431485043735314
0.19171477160411873, 0.003972408423613704
0.19165239220404143, 0.010624301543259272
0.1924030702003655, 0.01663810757709255
0.1929299119200348, 0.019113263433618233
0.19278141047868042, 0.019540652928410656
nan, nan
nan, nan
nan, nan
nan, nan
nan, nan
nan, nan
nan, nan
nan, nan
nan, nan
nan, nan
nan, nan
nan, nan
nan, nan
nan, nan
nan, nan
0.1915838068181818, 0.0
0.1969688917233562, 0.010770169810348774
0.1983151629496498, 0.011659050823542834
0.1978455334521055, 0.011374991316276482
0.19604201963297965, 0.01703545960935744
nan, nan
nan, nan
nan, nan
nan, nan
nan, nan
nan, nan
nan, nan
nan, nan
nan, nan
nan, nan
nan, nan
nan, nan
nan, nan
nan, nan
nan, nan
nan, nan
nan, nan
nan, nan
nan, nan
nan, nan
nan, nan
nan, nan
nan, nan
nan, nan
nan, nan
nan, nan
nan, nan
nan, nan
-0.24853364641311018, 0.0
-0.24853364641311018, 0.0
nan, nan
nan, nan
nan, nan
nan, nan
nan, nan
nan, nan
nan, nan
nan, nan
nan, nan
nan, nan
nan, nan
nan, nan
nan, nan
nan, nan
nan, nan
nan, nan
nan, nan
nan, nan
-0.24853364641311018, 0.0
-0.2286506420592658, 0.034438373747971665
nan, nan
nan, nan
nan, nan
nan, nan
nan, nan
nan, nan
nan, nan
nan, nan
nan, nan
nan, nan
nan, nan
nan, nan
nan, nan
nan, nan
nan, nan
nan, nan
nan, nan
nan, nan
nan, nan
-0.16900162899773266, 0.0
nan, nan
nan, nan
nan, nan
nan, nan
nan, nan
nan, nan
nan, nan
nan, nan
nan, nan
nan, nan
nan, nan
nan, nan
nan, nan
nan, nan
-0.16900162899773266, 0.0
-0.18888463335157704, 0.034438373747971665
-0.18888463335157704, 0.034438373747971665
-0.18718037583553324, 0.03339649043688349
-0.18771504486017454, 0.033736090215557485
-0.18756833689609606, 0.03364409448529883
nan, nan
nan, nan
nan, nan
nan, nan
nan, nan
nan, nan
nan, nan
nan, nan
nan, nan
nan, nan
nan, nan
nan, nan
nan, nan
-0.16900162899773266, 0.0
-0.20876763770542142, 0.03976600870768876
-0.2144484960922341, 0.039358141426253324
-0.21690159403199416, 0.03892523863789901
-0.21734461997570725, 0.03883002477046829
-0.2153467870230918, 0.03921798366560647
-0.21817941919633668, 0.0386361723998023
nan, nan
nan, nan
nan, nan
nan, nan
nan, nan
nan, nan
nan, nan
nan, nan
nan, nan
nan, nan
nan, nan
nan, nan
-0.24853364641311018, 0.0
-0.24853364641311018, 0.0
-0.24853364641311018, 0.0
-0.21823573501677587, 0.03862241035775345
-0.2106029919534686, 0.039723631799272255
-0.20814951321773717, 0.03976120434113765
-0.2093145179823445, 0.039762248056450365
-0.20891510127294072, 0.03976573528851482
nan, nan
nan, nan
nan, nan
nan, nan
nan, nan
nan, nan
nan, nan
nan, nan
nan, nan
nan, nan
nan, nan
nan, nan
nan, nan
-0.24853364641311018, 0.0
-0.24853364641311018, 0.0
-0.2405804446715724, 0.023859605224613254
-0.23470199121043578, 0.03014539362517805
-0.23499628174666304, 0.02988969187358451
-0.2328652439796568, 0.0316329072390116
-0.23162449067090388, 0.03254073940546367
nan, nan
nan, nan
nan, nan
nan, nan
nan, nan
nan, nan
nan, nan
nan, nan
nan, nan
nan, nan
nan, nan
nan, nan
nan, nan
-0.16900162899773266, 0.0
-0.1756292971156808, 0.021981488382234873
-0.181898712902929, 0.029315462276723298
-0.1812929407801093, 0.02874850391589477
-0.18047259304802754, 0.027941472695190237
-0.1789813187630426, 0.02634597981481914
-0.17738937670481827, 0.024428266109529806
nan, nan
nan, nan
nan, nan
nan, nan
nan, nan
nan, nan
nan, nan
nan, nan
nan, nan
nan, nan
nan, nan
nan, nan
nan, nan
-0.16900162899773266, 0.0
-0.1690016289977327, 2.7755575615628914e-17
-0.17549403858266144, 0.021776203754507912
-0.17887056546533428, 0.026220231120472365
-0.17994845161951223, 0.027400546744284354
-0.17885144406630382, 0.026198412293243954
-0.1789559589193993, 0.026317280568079502
nan, nan
nan, nan
nan, nan
nan, nan
nan, nan
nan, nan
nan, nan
nan, nan
nan, nan
nan, nan
nan, nan
nan, nan
nan, nan
-0.20876763770542142, 0.03976600870768876
-0.1849080324808082, 0.031812806966151005
-0.1791238857596897, 0.026506290180255528
-0.1797360117163726, 0.02717535907714858
-0.18023184441981147, 0.027695558309969386
-0.17895569944542217, 0.026316986638328658
-0.17545810273625045, 0.021721195378651487
nan, nan
nan, nan
nan, nan
nan, nan
nan, nan
nan, nan
nan, nan
nan, nan
nan, nan
nan, nan
nan, nan
-0.16900162899773266, 0.0
-0.16900162899773266, 0.0
-0.1690016289977327, 2.7755575615628914e-17
-0.1690016289977327, 2.7755575615628914e-17
-0.16900162899773266, 0.0
-0.16941371198952226, 0.005709989429715507
-0.16915225781859516, 0.00345790759888351
-0.16919350358739588, 0.0039017121047688805
-0.16900162899773272, 5.551115123125783e-17
nan, nan
nan, nan
nan, nan
nan, nan
nan, nan
nan, nan
nan, nan
nan, nan
nan, nan
nan, nan
nan, nan
nan, nan
-0.16900162899773266, 0.0
-0.16900162899773266, 0.0
-0.1690016289977327, 2.7755575615628914e-17
-0.16900162899773266, 0.0
-0.16900162899773263, 2.7755575615628914e-17
-0.16900162899773272, 5.551115123125783e-17
-0.16900162899773272, 5.551115123125783e-17
-0.16900162899773272, 5.551115123125783e-17
nan, nan
nan, nan
nan, nan
nan, nan
nan, nan
nan, nan
nan, nan
nan, nan
nan, nan
nan, nan
nan, nan
nan, nan
nan, nan
-0.16900162899773266, 0.0
-0.1690016289977327, 2.7755575615628914e-17
-0.16900162899773266, 0.0
-0.1690016289977327, 2.7755575615628914e-17
-0.1690016289977327, 2.7755575615628914e-17
-0.16885091171082087, 0.00428153831738956
-0.16885257199917117, 0.004257919548002656
nan, nan
nan, nan
nan, nan
nan, nan
nan, nan
nan, nan
nan, nan
nan, nan
nan, nan
nan, nan
nan, nan
nan, nan
nan, nan
nan, nan
-0.16900162899773266, 0.0
-0.16900162899773266, 0.0
-0.1690016289977327, 2.7755575615628914e-17
-0.16900162899773266, 0.0
-0.16900162899773266, 0.0
-0.16900162899773272, 5.551115123125783e-17
nan, nan
nan, nan
nan, nan
nan, nan
nan, nan
nan, nan
nan, nan
nan, nan
nan, nan
nan, nan
nan, nan
-0.16900162899773266, 0.0
-0.16900162899773266, 0.0
-0.1690016289977327, 2.7755575615628914e-17
-0.1690016289977327, 2.7755575615628914e-17
-0.16900162899773266, 0.0
-0.16845553228102972, 0.008136657822879987
-0.16820176319921196, 0.009837048641032117
-0.16795180513717428, 0.011258106674425797
-0.1676999471563752, 0.012522934020019399
nan, nan
nan, nan
nan, nan
nan, nan
nan, nan
nan, nan
nan, nan
nan, nan
nan, nan
nan, nan
nan, nan
-0.16900162899773266, 0.0
-0.16900162899773266, 0.0
-0.16900162899773266, 0.0
-0.1690016289977327, 2.7755575615628914e-17
-0.16900162899773266, 0.0
-0.16900162899773272, 5.551115123125783e-17
-0.1690016289977327, 2.7755575615628914e-17
-0.16900162899773274, 8.326672684688674e-17
-0.16910243003374711, 0.002829619921990476
nan, nan
nan, nan
nan, nan
nan, nan
nan, nan
nan, nan
nan, nan
nan, nan
nan, nan
nan, nan
nan, nan
nan, nan
nan, nan
-0.16900162899773266, 0.0
-0.16900162899773266, 0.0
-0.16856468572294395, 0.0028317160638187946
-0.1687125742159494, 0.0023124382542663974
-0.16871002215255815, 0.0022883073576458446
-0.1686874469433829, 0.002378997935556095
-0.16900162899773272, 5.551115123125783e-17
nan, nan
nan, nan
nan, nan
nan, nan
nan, nan
nan, nan
nan, nan
nan, nan
nan, nan
nan, nan
nan, nan
-0.16900162899773266, 0.0
-0.16900162899773266, 0.0
-0.16900162899773266, 0.0
-0.1690016289977327, 2.7755575615628914e-17
-0.16900162899773266, 0.0
-0.16900162899773272, 5.551115123125783e-17
-0.1690016289977327, 2.7755575615628914e-17
-0.1690016289977327, 2.7755575615628914e-17
-0.16900162899773272, 5.551115123125783e-17
nan, nan
nan, nan
nan, nan
nan, nan
nan, nan
nan, nan
nan, nan
nan, nan
nan, nan
nan, nan
nan, nan
nan, nan
nan, nan
-0.16900162899773266, 0.0
-0.16900162899773266, 0.0
-0.16900162899773266, 0.0
-0.1690016289977327, 2.7755575615628914e-17
-0.16900162899773266, 0.0
-0.16779589070243792, 0.012057382952948448
-0.16805760134017625, 0.010680453732572844
nan, nan
nan, nan
nan, nan
nan, nan
nan, nan
nan, nan
nan, nan
nan, nan
nan, nan
nan, nan
nan, nan
nan, nan
nan, nan
-0.16900162899773266, 0.0
-0.1690016289977327, 2.7755575615628914e-17
-0.1690016289977327, 2.7755575615628914e-17
-0.1690016289977327, 2.7755575615628914e-17
-0.16900162899773272, 5.551115123125783e-17
-0.16900162899773272, 5.551115123125783e-17
-0.16900162899773272, 5.551115123125783e-17
nan, nan
nan, nan
nan, nan
nan, nan
nan, nan
nan, nan
nan, nan
nan, nan
nan, nan
nan, nan
nan, nan
nan, nan
-0.16900162899773266, 0.0
-0.16900162899773266, 0.0
-0.16900162899773266, 0.0
-0.16900162899773266, 0.0
-0.1690016289977327, 2.7755575615628914e-17
-0.16849840764308488, 0.007812096220441818
-0.16827567032217514, 0.009374428930309864
-0.1684068569937045, 0.008489836504200744
nan, nan
nan, nan
nan, nan
nan, nan
nan, nan
nan, nan
nan, nan
nan, nan
nan, nan
nan, nan
nan, nan
nan, nan
nan, nan
nan, nan
-0.16900162899773266, 0.0
-0.1690016289977327, 2.7755575615628914e-17
-0.1690016289977327, 6.394448702109793e-17
-0.16900162899773277, 1.1620034318175877e-16
-0.16814356320966098, 0.012156930830311632
-0.16833566749057258, 0.010715940056587367
nan, nan
nan, nan
nan, nan
nan, nan
nan, nan
nan, nan
nan, nan
nan, nan
nan, nan
nan, nan
nan, nan
nan, nan
-0.16900162899773266, 0.0
-0.16900162899773266, 0.0
-0.1690016289977327, 2.7755575615628914e-17
-0.16900162899773266, 0.0
-0.16900162899773277, 1.1102230246251565e-16
-0.1690016289977327, 2.7755575615628914e-17
-0.16888621987147973, 0.0032540462206098173
-0.16876787412623814, 0.0046281103335371315
nan, nan
nan, nan
nan, nan
nan, nan
nan, nan
nan, nan
nan, nan
nan, nan
nan, nan
nan, nan
nan, nan
nan, nan
nan, nan
nan, nan
-0.16900162899773266, 0.0
-0.16030308843881988, 0.03136303400686331
-0.16464099174761176, 0.024232791870507444
-0.16569811592945927, 0.021174561941816
-0.16589576201046713, 0.02054630999838593
-0.16680328422077623, 0.01771147055082792
nan, nan
nan, nan
nan, nan
nan, nan
nan, nan
nan, nan
nan, nan
nan, nan
nan, nan
nan, nan
nan, nan
nan, nan
nan, nan
nan, nan
nan, nan
nan, nan
nan, nan
-0.1621997759626783, 0.0397177383410427
-0.163301271263176, 0.04153453087031759
-0.15645817193159353, 0.04465290469907011
nan, nan
nan, nan
nan, nan
nan, nan
nan, nan
nan, nan
nan, nan
nan, nan
nan, nan
nan, nan
nan, nan
nan, nan
nan, nan
nan, nan
nan, nan
nan, nan
nan, nan
nan, nan
nan, nan
nan, nan
nan, nan
nan, nan
nan, nan
nan, nan
nan, nan
nan, nan
nan, nan
nan, nan
nan, nan
nan, nan
nan, nan
nan, nan
nan, nan
nan, nan
nan, nan
nan, nan
nan, nan
nan, nan
nan, nan
nan, nan
nan, nan
nan, nan
nan, nan
nan, nan
nan, nan
nan, nan
nan, nan
nan, nan
nan, nan
nan, nan
nan, nan
nan, nan
nan, nan
nan, nan
nan, nan
nan, nan
nan, nan
nan, nan
nan, nan
-0.05145625939143615, 0.0
nan, nan
nan, nan
nan, nan
nan, nan
nan, nan
nan, nan
nan, nan
nan, nan
nan, nan
nan, nan
nan, nan
nan, nan
nan, nan
nan, nan
nan, nan
-0.05145625939143596, 0.0
-0.05145625939143596, 0.0
-0.05145625939143595, 6.938893903907228e-18
-0.05145625939143596, 0.0
-0.0517671000072131, 0.0029324645043183975
nan, nan
nan, nan
nan, nan
nan, nan
nan, nan
nan, nan
nan, nan
nan, nan
nan, nan
0.1822731460008257, 0.0
nan, nan
nan, nan
nan, nan
nan, nan
nan, nan
-0.05145625939143596, 0.0
-0.051456259391435964, 6.938893903907228e-18
-0.05145625939143595, 6.938893903907228e-18
-0.05145625939143596, 0.0
-0.051456259391435936, 2.0816681711721685e-17
nan, nan
nan, nan
nan, nan
nan, nan
nan, nan
nan, nan
nan, nan
nan, nan
nan, nan
nan, nan
nan, nan
nan, nan
nan, nan
nan, nan
nan, nan
nan, nan
nan, nan
nan, nan
nan, nan
nan, nan
nan, nan
nan, nan
nan, nan
nan, nan
nan, nan
nan, nan
nan, nan
nan, nan
nan, nan
nan, nan
nan, nan
nan, nan
nan, nan
nan, nan
nan, nan
nan, nan
nan, nan
nan, nan
nan, nan
nan, nan
nan, nan
nan, nan
nan, nan
nan, nan
nan, nan
nan, nan
nan, nan
nan, nan
nan, nan
nan, nan
nan, nan
nan, nan
nan, nan
nan, nan
nan, nan
nan, nan
nan, nan
nan, nan
nan, nan
nan, nan
nan, nan
nan, nan
nan, nan
nan, nan
nan, nan
nan, nan
nan, nan
nan, nan
nan, nan
nan, nan
nan, nan
nan, nan
nan, nan
nan, nan
nan, nan
nan, nan
nan, nan
nan, nan
nan, nan
nan, nan
nan, nan
nan, nan
nan, nan
nan, nan
nan, nan
nan, nan
nan, nan
nan, nan
nan, nan
nan, nan
nan, nan
nan, nan
nan, nan
nan, nan
nan, nan
nan, nan
nan, nan
nan, nan
nan, nan
nan, nan
nan, nan
nan, nan
nan, nan
nan, nan
nan, nan
nan, nan
nan, nan
nan, nan
nan, nan
nan, nan
nan, nan
nan, nan
nan, nan
nan, nan
nan, nan
0.3179270413623778, 0.0
0.3179270413623778, 0.0
0.26923417432636676, 0.1460786011080331
0.24558870663286783, 0.1736231566123163
0.22585025098252376, 0.19547512733966127
nan, nan
nan, nan
nan, nan
nan, nan
nan, nan
nan, nan
nan, nan
nan, nan
nan, nan
nan, nan
nan, nan
nan, nan
nan, nan
nan, nan
nan, nan
nan, nan
0.3751196069641243, 0.0404412509704514
0.32404241889612445, 0.1386351650227485
0.3205838180857973, 0.14776758205827925
0.3177173846277809, 0.15573714383583503
nan, nan
nan, nan
nan, nan
nan, nan
nan, nan
nan, nan
nan, nan
nan, nan
nan, nan
nan, nan
nan, nan
nan, nan
nan, nan
nan, nan
nan, nan
nan, nan
nan, nan
0.4037158897649975, 0.0
0.4037158897649975, 0.0
0.4037158897649976, 1.1102230246251565e-16
nan, nan
nan, nan
nan, nan
nan, nan
nan, nan
nan, nan
nan, nan
nan, nan
nan, nan
nan, nan
nan, nan
nan, nan
nan, nan
nan, nan
nan, nan
nan, nan
nan, nan
nan, nan
nan, nan
nan, nan
nan, nan
nan, nan
nan, nan
nan, nan
nan, nan
nan, nan
nan, nan
nan, nan
nan, nan
nan, nan
nan, nan
nan, nan
nan, nan
nan, nan
nan, nan
nan, nan
0.3179270413623778, 0.0
0.3179270413623778, 0.0
0.31792704136237776, 5.551115123125783e-17
0.31792704136237776, 5.551115123125783e-17
nan, nan
nan, nan
nan, nan
nan, nan
nan, nan
nan, nan
nan, nan
nan, nan
nan, nan
nan, nan
nan, nan
nan, nan
nan, nan
nan, nan
nan, nan
nan, nan
nan, nan
nan, nan
nan, nan
nan, nan
nan, nan
nan, nan
nan, nan
nan, nan
nan, nan
nan, nan
nan, nan
nan, nan
nan, nan
nan, nan
nan, nan
nan, nan
nan, nan
nan, nan
nan, nan
nan, nan
nan, nan
nan, nan
nan, nan
nan, nan
nan, nan
nan, nan
nan, nan
nan, nan
nan, nan
nan, nan
nan, nan
nan, nan
nan, nan
nan, nan
nan, nan
nan, nan
nan, nan
nan, nan
nan, nan
nan, nan
nan, nan
nan, nan
nan, nan
nan, nan
nan, nan
nan, nan
nan, nan
nan, nan
nan, nan
nan, nan
nan, nan
nan, nan
nan, nan
nan, nan
nan, nan
nan, nan
nan, nan
nan, nan
nan, nan
nan, nan
nan, nan
nan, nan
nan, nan
nan, nan
nan, nan
nan, nan
nan, nan
nan, nan
nan, nan
nan, nan
nan, nan
nan, nan
nan, nan
nan, nan
nan, nan
nan, nan
nan, nan
nan, nan
nan, nan
nan, nan
nan, nan
nan, nan
nan, nan
nan, nan
nan, nan
nan, nan
nan, nan
nan, nan
nan, nan
nan, nan
nan, nan
nan, nan
nan, nan
nan, nan
nan, nan
nan, nan
nan, nan
nan, nan
nan, nan
nan, nan
nan, nan
nan, nan
nan, nan
nan, nan
nan, nan
nan, nan
nan, nan
nan, nan
nan, nan
nan, nan
nan, nan
nan, nan
nan, nan
nan, nan
nan, nan
nan, nan
nan, nan
nan, nan
nan, nan
nan, nan
nan, nan
nan, nan
nan, nan
nan, nan
nan, nan
nan, nan
nan, nan
nan, nan
nan, nan
nan, nan
nan, nan
nan, nan
nan, nan
nan, nan
nan, nan
nan, nan
nan, nan
nan, nan
nan, nan
nan, nan
nan, nan
nan, nan
nan, nan
nan, nan
nan, nan
nan, nan
nan, nan
nan, nan
nan, nan
0.3520819637490599, 0.0
0.3520819637490599, 0.0
0.35208196374905987, 5.551115123125783e-17
0.35208196374906, 5.551115123125783e-17
0.35843865935649816, 0.03133749655394455
nan, nan
nan, nan
nan, nan
nan, nan
nan, nan
nan, nan
nan, nan
nan, nan
0.1457805417401157, 0.0
0.1457805417401157, 0.0
nan, nan
nan, nan
nan, nan
nan, nan
nan, nan
nan, nan
nan, nan
0.3520819637490599, 0.0
0.3520819637490599, 0.0
0.3524507576999822, 0.0010431068142307764
nan, nan
nan, nan
nan, nan
nan, nan
nan, nan
nan, nan
0.1457805417401157, 0.0
0.1457805417401157, 0.0
0.1457805417401157, 0.0
0.20139384304989522, 0.11122660261955898
nan, nan
nan, nan
nan, nan
0.3520819637490599, 0.0
0.2787113777235155, 0.0733705860255444
0.31539667073628774, 0.063540791388673
0.310155914591606, 0.06629090431486896
0.31172814143501054, 0.06594082271993937
0.31133402307692176, 0.06594719671385192
0.3104696057350639, 0.0666496832193084
nan, nan
nan, nan
nan, nan
nan, nan
nan, nan
0.46561125917290846, 0.00015930902860117533
0.46563421363358437, 0.00016231254802451714
0.4656437779921993, 0.00016259409645472125
0.4656302284841614, 0.00016202855005787792
0.465614795962922, 0.00015999025651860653
nan, nan
nan, nan
0.3520819637490599, 0.0
0.3736821977256962, 0.04320046795327275
0.3807913739625571, 0.06403924178731532
0.37677800783904847, 0.059940517039770734
0.37982403383220725, 0.06359078025525843
0.3822818293514494, 0.06410333662512856
0.3769521652484031, 0.057994007190147606
0.3779717624800149, 0.05886072801554303
nan, nan
nan, nan
nan, nan
nan, nan
nan, nan
nan, nan
0.4658063720886541, 0.0
0.4658063720886541, 0.0
0.4658063720886541, 0.0
0.46578135761227635, 8.665268802164055e-05
nan, nan
0.35208196374905987, 5.551115123125783e-17
0.3520819637490598, 1.1102230246251565e-16
0.35208196374906, 5.551115123125783e-17
0.3521007159838525, 0.00024877650715155483
0.35181822807266444, 0.006853787212694985
0.3518387429625824, 0.01133818236763279
0.35083767652991366, 0.015120495526350848
0.35105442922518776, 0.020237611861132904
0.35124220062228406, 0.022174725097204407
nan, nan
nan, nan
nan, nan
nan, nan
nan, nan
nan, nan
nan, nan
0.3057934569143849, 0.16001291517426922
0.27694027991811204, 0.15200277620228203
0.2863126820530491, 0.1488246301823464
nan, nan
nan, nan
0.3520819637490599, 0.0
0.36942410226418865, 0.054840657205937254
0.3718161213697236, 0.05809578700137451
0.3761225566227223, 0.06199534163504391
0.37585241991753526, 0.06433303694200532
0.3764456365963363, 0.06537566182170866
0.37950676203142786, 0.07122936352744702
0.3833001427861349, 0.07470606275500645
nan, nan
nan, nan
nan, nan
nan, nan
nan, nan
0.46548118389574467, 0.0
0.46548118389574467, 0.0
0.46548118389574467, 0.0
0.46548118389574455, 1.1102230246251565e-16
0.4654811838957445, 1.6653345369377348e-16
nan, nan
0.3520819637490599, 0.0
0.3520819637490599, 0.0
0.35208196374906003, 1.1102230246251565e-16
0.35400127953253374, 0.014057523807632507
0.35545763061737706, 0.02381334736139813
0.354593779991449, 0.023017239226637096
0.3535811517194868, 0.023309484354733633
0.35222402008239284, 0.023658460844800066
0.3536844257240683, 0.023920078898691532
nan, nan
nan, nan
nan, nan
nan, nan
0.46548118389574467, 0.0
0.46548118389574455, 1.1102230246251565e-16
0.46548118389574467, 0.0
0.46548118389574455, 1.3407216768447582e-16
0.4654825221187606, 2.0817864527149512e-05
0.46548166494336723, 1.2497983849274806e-05
nan, nan
nan, nan
nan, nan
nan, nan
nan, nan
nan, nan
nan, nan
nan, nan
nan, nan
nan, nan
nan, nan
nan, nan
nan, nan
nan, nan
0.465481183895745, 3.065703529144609e-16
0.465481183895745, 3.065703529144609e-16
0.46548118389574494, 3.025957901444651e-16
0.4654161471455823, 0.0005889328208560269
0.46540984402442104, 0.0006164469433434305
0.46542702285631166, 0.0005379875416691883
nan, nan
nan, nan
nan, nan
nan, nan
nan, nan
nan, nan
nan, nan
0.5428454874154757, 0.0
0.5428454874154757, 0.0
0.5428454874154757, 0.0
nan, nan
nan, nan
nan, nan
nan, nan
nan, nan
nan, nan
nan, nan
0.46548118389574467, 0.0
0.46548118389574467, 0.0
0.4654811838957446, 5.551115123125783e-17
nan, nan
nan, nan
nan, nan
nan, nan
nan, nan
nan, nan
nan, nan
nan, nan
nan, nan
nan, nan
nan, nan
nan, nan
nan, nan
nan, nan
nan, nan
0.46548118389574467, 0.0
0.46548118389574467, 0.0
0.4654811838957446, 5.551115123125783e-17
0.46509560887692286, 0.001390210500899694
0.46500488534308254, 0.001531085633279969
nan, nan
nan, nan
nan, nan
nan, nan
nan, nan
nan, nan
nan, nan
nan, nan
nan, nan
nan, nan
nan, nan
nan, nan
nan, nan
nan, nan
nan, nan
0.46548118389574467, 0.0
0.46548118389574467, 0.0
0.46548118389574455, 1.1102230246251565e-16
0.46548118389574467, 0.0
0.4654811838957445, 1.6653345369377348e-16
nan, nan
nan, nan
nan, nan
nan, nan
0.5428454874154761, 0.0
0.5428454874154761, 0.0
0.542845487415476, 1.1102230246251565e-16
0.509828723703981, 0.08551687243541324
0.48711878041036, 0.10499039610085806
0.470713601937025, 0.11357471685055794
nan, nan
nan, nan
nan, nan
nan, nan
nan, nan
0.46580637208865433, 0.0
0.46580637208865433, 0.0
0.46580637208865433, 0.0
0.4657846928757939, 8.111618693947436e-05
0.46578069933658245, 8.768914216886066e-05
nan, nan
nan, nan
nan, nan
nan, nan
nan, nan
nan, nan
nan, nan
nan, nan
0.5428454874154757, 0.0
0.44746372558226777, 0.09538176183320787
nan, nan
nan, nan
nan, nan
nan, nan
nan, nan
nan, nan
nan, nan
nan, nan
nan, nan
nan, nan
nan, nan
nan, nan
nan, nan
nan, nan
nan, nan
nan, nan
nan, nan
nan, nan
nan, nan
nan, nan
nan, nan
nan, nan
nan, nan
nan, nan
nan, nan
nan, nan
nan, nan
nan, nan
nan, nan
nan, nan
nan, nan
nan, nan
nan, nan
0.4327896083771588, 0.0
0.4327896083771588, 0.0
0.4603035781367381, 0.047655593541505045
0.465345646273737, 0.05185732944373682
0.4712649258912967, 0.05431738900483223
0.4666486364690495, 0.05222233002818862
0.4629189363277146, 0.04979109966705716
nan, nan
nan, nan
0.46548118389574467, 0.0
0.46548118389574467, 0.0
0.46548118389574467, 0.0
0.4654811838957448, 1.1102230246251565e-16
0.4654811838957445, 1.6653345369377348e-16
0.46548118389574467, 0.0
0.4654811838957445, 1.6653345369377348e-16
0.46548118389574455, 1.1102230246251565e-16
nan, nan
nan, nan
nan, nan
nan, nan
nan, nan
nan, nan
nan, nan
nan, nan
nan, nan
nan, nan
nan, nan
nan, nan
nan, nan
nan, nan
nan, nan
nan, nan
nan, nan
nan, nan
nan, nan
nan, nan
nan, nan
nan, nan
nan, nan
nan, nan
nan, nan
0.4117683531746049, 0.0
0.4445376367348227, 0.056758064053928775
0.44342463776571195, 0.062192096923819946
0.41648503370481743, 0.07031372594682976
0.4057061735490888, 0.07337067081884434
nan, nan
nan, nan
nan, nan
nan, nan
nan, nan
0.46548118389574467, 0.0
0.46548118389574467, 0.0
0.46548118389574467, 0.0
0.46548118389574467, 0.0
0.46548118389574455, 1.1102230246251565e-16
nan, nan
nan, nan
nan, nan
0.4117683531746049, 0.0
0.4147713896321127, 0.007355906999869035
0.414571187201612, 0.007145852698535738
0.4136793763748371, 0.006043185974157678
0.4138588606105231, 0.007199845118769114
0.4136549817954558, 0.007099135633880125
0.4133312002369829, 0.007143903923202951
nan, nan
nan, nan
nan, nan
nan, nan
nan, nan
nan, nan
nan, nan
nan, nan
nan, nan
nan, nan
nan, nan
0.4600831336322418, 0.0
0.4352985163981704, 0.021643411399278167
0.43052515013822906, 0.02265902401591671
0.4306113797169307, 0.022815886306607573
0.4270092923785772, 0.02236799433178416
0.4260008111243695, 0.02226527784499289
0.42581486650501654, 0.02231696021498892
0.42636362921516996, 0.022241548264710472
0.4261430993776758, 0.02223311776274435
nan, nan
nan, nan
nan, nan
0.46548118389574467, 0.0
0.46548118389574467, 0.0
0.46548118389574467, 0.0
0.46548118389574455, 1.1102230246251565e-16
0.4654811838957445, 1.6653345369377348e-16
0.46548118389574455, 1.1102230246251565e-16
0.46548118389574455, 1.1102230246251565e-16
nan, nan
0.4600831336322418, 0.0
0.4600831336322418, 0.0
0.46008313363224185, 5.551115123125783e-17
0.4502648454610435, 0.031048153344876
0.4405919382696261, 0.04764011247319835
0.4420916235643964, 0.046592838020936216
0.44521940484889133, 0.04387810013004679
0.4444917993587017, 0.04380857913508096
0.44757809529599657, 0.04154192157714218
nan, nan
nan, nan
nan, nan
0.46548118389574467, 0.0
0.4654811838957446, 5.551115123125783e-17
0.46550031261297464, 7.651486891986882e-05
0.4654927977597771, 6.034740772935682e-05
0.46549532251282755, 6.63159923883022e-05
0.4654942203934557, 6.379157358167672e-05
0.46549631844057177, 6.85019768747365e-05
nan, nan
nan, nan
nan, nan
0.3520819637490599, 0.0
0.3520819637490599, 0.0
0.35208196374906, 5.551115123125783e-17
0.35208196374906003, 1.1102230246251565e-16
0.35280680381539, 0.008818059991862968
0.35320612388633693, 0.01709122966737613
0.3536916561547766, 0.021269682171852166
nan, nan
nan, nan
nan, nan
nan, nan
0.4658063720886541, 0.0
0.4658063720886541, 0.0
0.4658063720886541, 0.0
0.4658063720886541, 0.0
0.465800997077201, 4.1460819012180774e-05
0.46579719750013954, 5.38450999196654e-05
nan, nan
nan, nan
0.4565615673339623, 0.07193131371370302
0.422891158567962, 0.09661780286894966
0.42980036338318994, 0.10462981599171124
0.4332799194727628, 0.10456612130223993
0.4324391299264148, 0.10706106542481433
0.43324911179431014, 0.10744863904489402
0.4299234099898603, 0.11011497961628183
0.4198255263694682, 0.11325260282331888
nan, nan
nan, nan
nan, nan
nan, nan
nan, nan
nan, nan
0.4658063720886541, 0.0
0.46569797602435115, 0.00015329518424508944
0.4656812997067661, 0.00015820543965940374
0.4656718114571056, 0.00016015918658383502
nan, nan
0.5428454874154761, 0.0
0.4221916348401358, 0.13489510805284957
0.3758718204300696, 0.1281811557591886
0.36523501834552685, 0.1234443748078247
0.35001857107984263, 0.11692304877949301
0.34348666666816796, 0.11337519378629736
0.339966853157563, 0.11335112889317246
0.3424466911757822, 0.1119593272541347
0.32835893485509743, 0.10282956121599812
nan, nan
nan, nan
nan, nan
nan, nan
0.4658063720886541, 0.0
0.46569797602435115, 0.00015329518424508944
0.46566700572026465, 0.000160926420611316
0.46557753595290347, 0.00014848849259017628
0.46554140393146914, 0.00012631861260860926
0.4655270058683824, 0.00011314199618635806
nan, nan
0.3618647085524656, 0.12797273599845768
0.39633486109954985, 0.11170418106969757
0.4241975794334455, 0.10152912257688519
0.42552486666362793, 0.09896771293980415
0.4221242999044856, 0.10058133035494164
0.41794125931865594, 0.1003299297112377
0.40942644373901615, 0.09935247480370017
0.4091106529397533, 0.09849381966230658
0.4064118386171586, 0.0908308227303785
nan, nan
nan, nan
nan, nan
nan, nan
nan, nan
nan, nan
nan, nan
nan, nan
nan, nan
nan, nan
nan, nan
nan, nan
nan, nan
nan, nan
0.5428454874154757, 0.0
0.5336496703284497, 0.026009698483148797
0.5329140049614876, 0.026894581623722415
0.5331087399115658, 0.026665181223117774
0.5332117742766866, 0.026542425401575042
0.5327425238941169, 0.02891582568013125
nan, nan
0.46548118389574467, 0.0
0.46548118389574467, 0.0
0.46548118389574467, 0.0
0.4654811838957446, 5.551115123125783e-17
0.46553538192789623, 0.00012119048413763807
0.4655730849067842, 0.00014642174659666737
0.46559243248805576, 0.00015427403996188076
0.4655928318419769, 0.00015440637933526798
0.4655845577485743, 0.00015142589919464093
nan, nan
nan, nan
0.5428454874154757, 0.0
0.5448381847374434, 0.03218570956838218
0.5494195477772287, 0.04465359180270024
0.5459508020177101, 0.048445407447559576
0.5438264248575087, 0.05245415960752116
0.5442155181125037, 0.04998622999653962
0.5454766181190305, 0.0471254629081199
0.5462531543859184, 0.045962108233501345
nan, nan
nan, nan
nan, nan
nan, nan
0.465589579960048, 0.00015329518424523337
0.46560312946808585, 0.0001574310569400762
0.4655812418012554, 0.00015008685826581824
0.4655852441174758, 0.00015169253677006357
0.46558403411489757, 0.00015122006919332764
0.46558576990506356, 0.0001518943778707561
nan, nan
nan, nan
0.5152580361543978, 0.03901454772472311
0.5412723650927307, 0.056132745957679746
0.5369350804171743, 0.04980785395624724
0.5411750362830183, 0.05652922275147709
0.5400592382585708, 0.056850559032264256
0.5347591455832069, 0.05740671760891303
0.5366634116330558, 0.05691476420943895
0.5328469573780615, 0.06271359845401228
nan, nan
nan, nan
nan, nan
nan, nan
nan, nan
0.46548118389574505, 0.0
0.46548118389574505, 0.0
0.465481183895745, 5.551115123125783e-17
0.46548118389574505, 0.0
0.4654811838957449, 1.6653345369377348e-16
nan, nan
nan, nan
nan, nan
0.5174959499436503, 0.03584965969254039
0.5301707186795631, 0.028341644492589826
0.531464404961207, 0.02742861629263311
0.5318040375769653, 0.032262796991598924
0.529309486249748, 0.03645231448457166
0.5291883631765748, 0.03745129326947133
0.5245981836720542, 0.04000894808632188
nan, nan
nan, nan
nan, nan
nan, nan
0.4658063720886541, 0.0
0.4658063720886541, 0.0
0.4658063720886541, 0.0
0.46577024006721973, 0.00010219678949672628
0.4657853922052406, 7.988901593224407e-05
0.4657858338869969, 7.910096684141746e-05
nan, nan
0.46008313363224196, 0.0
0.40608254869065097, 0.05400058494159102
0.4411892372202661, 0.08965338957979105
0.4523009349718509, 0.09017416199003865
0.4518626216179093, 0.09133901085937104
0.45100759393502454, 0.09303377544957049
0.45032358488401975, 0.0933437741805968
0.45010590850274224, 0.09085104323446544
0.44946746962552875, 0.09017765030491132
nan, nan
nan, nan
nan, nan
0.4654811838957453, 0.0
0.4654811838957453, 0.0
0.465574094808005, 0.00014690505111230345
0.4655895799600482, 0.00015329518424511823
0.4655977607950898, 0.00015594632978048776
0.46559815806585636, 0.0001560630081802566
0.4655847757023505, 0.00015151095668103646
nan, nan
nan, nan
0.3520819637490599, 0.0
0.43678822906116416, 0.09048676168414604
0.4392768132724994, 0.07771214611074223
0.43673774494238965, 0.07766300528719844
0.43868532332935584, 0.08201841592606056
0.4352054850618656, 0.08039064472346835
0.4385622526399738, 0.08212167467258027
0.44118539712566474, 0.08102704123928565
nan, nan
nan, nan
nan, nan
nan, nan
nan, nan
0.17382812499999978, 0.0
0.17382812499999978, 0.0
0.2062340204328604, 0.09165771364399164
0.2062340204328604, 0.09165771364399164
0.19408993266151817, 0.07619619254369965
nan, nan
nan, nan
0.6694471822820051, 0.0
0.6694471822820051, 0.0
0.6694471822820051, 0.0
0.6649256931796292, 0.023494346553552942
0.6674690307997156, 0.015701090633255598
0.6661800417693206, 0.020073647380168605
0.6650599122641165, 0.024086635515994635
0.6646891934793031, 0.025839652596508993
nan, nan
nan, nan
nan, nan
0.4654811838957453, 0.0
0.4654811838957453, 0.0
0.4654811838957453, 0.0
0.4654811838957453, 0.0
0.4654953225128282, 6.631599238817766e-05
0.46549103808340914, 5.57437033618507e-05
0.4654881027934668, 4.6926247466465835e-05
nan, nan
0.6694471822820051, 0.0
0.6694471822820051, 0.0
0.6188065043353933, 0.06202191059890589
0.6294676996925747, 0.05884820496489439
0.6296662488546899, 0.061487756229098335
0.631188652302761, 0.060228023262188166
0.6307865276788369, 0.0628547728045925
0.6309807369582969, 0.0630829364180702
0.6290023893995242, 0.06326126429157676
nan, nan
nan, nan
nan, nan
nan, nan
0.46573410804578547, 0.00013519364489877778
0.46571002003149586, 0.0001484884925901763
0.4656995938760572, 0.0001527135465865276
0.46570025804675763, 0.0001524691563529169
0.4656998888960741, 0.00015260539527886438
0.46569142767599353, 0.00015545529208159834
nan, nan
0.6694471822820051, 0.0
0.6061463348487404, 0.0633008474332647
0.5669479744846845, 0.09836076205708501
0.5787321890157264, 0.10459829853332735
0.5598064514917452, 0.10736283441525275
0.5697107872456022, 0.1012708233439345
0.5643182182234012, 0.10048928438246443
0.5637688571427923, 0.09891573463045644
0.5650490891316781, 0.0937188845845811
nan, nan
nan, nan
nan, nan
nan, nan
0.4658063720886541, 0.0
0.4658063720886541, 0.0
0.4658063720886541, 0.0
0.4657901126790086, 7.08731235261104e-05
0.46577024006721973, 0.00010219678949675827
0.4657453993024836, 0.00012692497586368271
nan, nan
nan, nan
0.526293016658829, 0.03310494151329355
0.5353216370715451, 0.023792503861061135
0.535902178745485, 0.039664734862770265
0.5431649613677236, 0.04115872537564806
0.5407058118484253, 0.04403841043252113
0.5379628287729525, 0.04932662510087351
0.5386308697023952, 0.054311116963824096
0.5423242464690843, 0.0568352112968803
nan, nan
nan, nan
nan, nan
0.4658063720886541, 0.0
0.4658063720886541, 0.0
0.4658063720886541, 0.0
0.46575217405650254, 0.00012119048413741051
0.4657413344500723, 0.00013007527716353274
0.46573463939904186, 0.0001348371052362402
0.4657173324644053, 0.00014500544755418008
nan, nan
nan, nan
nan, nan
0.4265284298720329, 0.04764221270942289
0.4316499518822061, 0.05474624235196479
0.41792416197946786, 0.06575604451645217
0.4087926597926329, 0.07575819371145236
0.40748779789277795, 0.07850307571106035
0.40841151981196133, 0.07869867554166637
0.4166628344605483, 0.07226833613487232
nan, nan
nan, nan
0.4656437779921997, 0.00016259409645441592
0.46564377799219975, 0.00016259409645441592
0.46562899671070374, 0.00016192082608228062
0.46541614889069144, 0.0010382633192618348
0.46538538820129854, 0.0011009742720380156
0.46524833764272305, 0.0013330870590868564
0.46461716348292964, 0.012779396332087497
0.4645801334956854, 0.013220693362174175
nan, nan
nan, nan
nan, nan
0.47663560438888875, 0.03310494151329368
0.47190632702984686, 0.028960790954374947
0.46416787404181264, 0.05400124276943099
0.46225899534878856, 0.055117229500652565
0.4614016552616907, 0.0593455764177698
0.45761409133731756, 0.06298670898566658
0.4561986558217762, 0.06530403829742995