nan, nan
nan, nan
nan, nan
nan, nan
nan, nan
nan, nan
nan, nan
nan, nan
nan, nan
nan, nan
nan, nan
nan, nan
nan, nan
nan, nan
nan, nan
nan, nan
nan, nan
nan, nan
nan, nan
nan, nan
nan, nan
nan, nan
nan, nan
nan, nan
nan, nan
nan, nan
nan, nan
nan, nan
nan, nan
nan, nan
nan, nan
nan, nan
nan, nan
nan, nan
nan, nan
nan, nan
nan, nan
nan, nan
nan, nan
nan, nan
nan, nan
nan, nan
nan, nan
nan, nan
nan, nan
nan, nan
nan, nan
nan, nan
nan, nan
nan, nan
nan, nan
nan, nan
nan, nan
nan, nan
nan, nan
nan, nan
nan, nan
nan, nan
nan, nan
nan, nan
nan, nan
nan, nan
nan, nan
nan, nan
nan, nan
nan, nan
nan, nan
nan, nan
nan, nan
nan, nan
nan, nan
nan, nan
nan, nan
nan, nan
nan, nan
nan, nan
nan, nan
nan, nan
nan, nan
nan, nan
nan, nan
nan, nan
nan, nan
nan, nan
nan, nan
nan, nan
nan, nan
nan, nan
nan, nan
nan, nan
nan, nan
nan, nan
nan, nan
nan, nan
nan, nan
nan, nan
nan, nan
nan, nan
nan, nan
nan, nan
nan, nan
nan, nan
nan, nan
nan, nan
nan, nan
nan, nan
nan, nan
nan, nan
nan, nan
nan, nan
nan, nan
nan, nan
nan, nan
nan, nan
nan, nan
nan, nan
nan, nan
nan, nan
nan, nan
nan, nan
nan, nan
nan, nan
nan, nan
nan, nan
nan, nan
nan, nan
nan, nan
nan, nan
nan, nan
nan, nan
nan, nan
nan, nan
nan, nan
nan, nan
nan, nan
nan, nan
nan, nan
nan, nan
nan, nan
nan, nan
nan, nan
nan, nan
nan, nan
nan, nan
nan, nan
nan, nan
nan, nan
nan, nan
nan, nan
nan, nan
nan, nan
nan, nan
nan, nan
nan, nan
nan, nan
nan, nan
nan, nan
nan, nan
nan, nan
nan, nan
nan, nan
nan, nan
nan, nan
nan, nan
nan, nan
nan, nan
nan, nan
nan, nan
nan, nan
nan, nan
nan, nan
nan, nan
nan, nan
nan, nan
nan, nan
nan, nan
nan, nan
nan, nan
nan, nan
nan, nan
nan, nan
nan, nan
nan, nan
nan, nan
nan, nan
nan, nan
nan, nan
nan, nan
nan, nan
nan, nan
nan, nan
nan, nan
nan, nan
nan, nan
nan, nan
nan, nan
nan, nan
nan, nan
nan, nan
nan, nan
nan, nan
nan, nan
nan, nan
nan, nan
nan, nan
nan, nan
nan, nan
nan, nan
nan, nan
nan, nan
nan, nan
nan, nan
nan, nan
nan, nan
nan, nan
nan, nan
nan, nan
nan, nan
nan, nan
nan, nan
nan, nan
nan, nan
nan, nan
nan, nan
nan, nan
nan, nan
nan, nan
nan, nan
nan, nan
nan, nan
nan, nan
nan, nan
nan, nan
nan, nan
nan, nan
nan, nan
nan, nan
nan, nan
nan, nan
nan, nan
nan, nan
nan, nan
nan, nan
nan, nan
nan, nan
nan, nan
nan, nan
nan, nan
nan, nan
nan, nan
nan, nan
nan, nan
nan, nan
nan, nan
nan, nan
nan, nan
nan, nan
nan, nan
nan, nan
nan, nan
nan, nan
nan, nan
nan, nan
nan, nan
nan, nan
nan, nan
nan, nan
nan, nan
nan, nan
nan, nan
nan, nan
nan, nan
nan, nan
nan, nan
nan, nan
nan, nan
nan, nan
nan, nan
nan, nan
nan, nan
nan, nan
nan, nan
nan, nan
nan, nan
nan, nan
nan, nan
0.1457805417401161, 0.0
0.1457805417401161, 0.0
0.1457805417401161, 0.0
0.1457805417401161, 0.0
nan, nan
nan, nan
nan, nan
nan, nan
nan, nan
nan, nan
0.2053407916979712, 0.0
0.25292145036232616, 0.08848294699099016
0.25572147950763646, 0.08115773441214313
0.25194192808290344, 0.07694267971179598
nan, nan
nan, nan
nan, nan
nan, nan
nan, nan
nan, nan
nan, nan
nan, nan
nan, nan
nan, nan
nan, nan
nan, nan
nan, nan
0.27871137772351556, 0.07337058602554436
0.2787113777235154, 0.0683918119116144
0.2913219471966559, 0.06897992076181485
0.2866473798854621, 0.07355507926249895
0.2853759297096827, 0.07507830971604296
0.2878532133462269, 0.0765104226235748
0.2888822862325303, 0.0821119681631548
nan, nan
nan, nan
nan, nan
nan, nan
nan, nan
nan, nan
nan, nan
nan, nan
nan, nan
nan, nan
nan, nan
nan, nan
0.27871137772351556, 0.07337058602554436
0.3031682397320304, 0.06917445189105781
0.27439546089848355, 0.07324353729641415
0.2780097307012147, 0.08483991141687858
0.2802356665230893, 0.08935682922789977
0.283330279331215, 0.09036351134261907
0.28294010285209537, 0.09084641316959033
0.2942662923791189, 0.09379345428241942
nan, nan
nan, nan
nan, nan
nan, nan
0.4654811838957453, 0.0
0.4654811838957453, 0.0
0.4654811838957452, 5.551115123125783e-17
0.46548118389574517, 1.1102230246251565e-16
0.46548118389574533, 5.551115123125783e-17
0.4654811838957453, 0.0
nan, nan
nan, nan
nan, nan
0.3520819637490599, 0.0
0.37908225621985525, 0.046765878378637
0.3760822237231002, 0.044900375008181476
0.38808235371012034, 0.050912239733651964
0.3958229403199165, 0.05756889807298883
0.3975402007713671, 0.05859120721600145
0.3957158408202898, 0.05852896861363909
nan, nan
nan, nan
nan, nan
nan, nan
nan, nan
nan, nan
nan, nan
0.46548118389574467, 0.0
0.4654811838957451, 2.9021946219117546e-16
0.46548118389574517, 2.4450125863434693e-16
nan, nan
0.3520819637490599, 0.0
0.37327791082310613, 0.0599511916389169
0.3694241022641887, 0.054840657205937136
0.3655160147114836, 0.04880833098401484
0.3643892878565706, 0.04686489397156524
0.3654785684865527, 0.051587578888220846
0.36721876812403437, 0.05442058562035198
0.36731526726537284, 0.05608302188217912
0.36504242679823845, 0.0554800981295049
nan, nan
nan, nan
nan, nan
nan, nan
0.4654811838957453, 0.0
0.4654811838957453, 0.0
0.46550031261297525, 7.651486891972513e-05
0.4654893136005679, 5.076999034546118e-05
0.4654924947894117, 5.95838296522319e-05
0.46548941650822395, 5.108201705731799e-05
nan, nan
0.3520819637490599, 0.0
0.35274579286072005, 0.0013276582233202163
0.3572928483399592, 0.022450868731700983
0.3613458868288698, 0.034165693145330786
0.3602055861466586, 0.03150509788115178
0.35807665323385396, 0.027299684127898696
0.3574899654735804, 0.02704848285882318
0.3576007211361972, 0.026759105773563167
0.35499366492595064, 0.019520966635111447
nan, nan
nan, nan
nan, nan
nan, nan
nan, nan
nan, nan
0.1457805417401157, 0.0
0.1457805417401157, 0.0
0.1457805417401157, 0.0
0.155468439987256, 0.054803028367985326
nan, nan
nan, nan
0.3520819637490599, 0.0
0.35208196374906003, 1.1102230246251565e-16
0.35747350756825674, 0.02862132060155533
0.3603786698930805, 0.0330158505674334
0.35989434287945204, 0.03317453790393391
0.3602931018662744, 0.03252583322415842
0.36112889735219544, 0.034448359158523914
0.35963172904966884, 0.030551860760916528
nan, nan
nan, nan
nan, nan
0.4654811838957453, 0.0
0.4654811838957453, 0.0
0.41980966358779825, 0.11187192053162999
0.41752608757240084, 0.1141559627256809
0.40378456874290447, 0.12616645814904295
0.40768219774331504, 0.1230351583435705
0.41084879567927696, 0.12033832204690935
nan, nan
nan, nan
0.3520819637490599, 0.0
0.3520819637490599, 0.0
0.34827645383744027, 0.05079349778619444
0.3572044670906522, 0.042718434515390064
0.3588765681853101, 0.047029464562782786
0.35860628660917376, 0.04585355624265664
0.3585056123052922, 0.04911854754389638
0.3587750043063784, 0.047049180270524106
nan, nan
nan, nan
nan, nan
nan, nan
0.46556248094397246, 0.0001408106180349015
0.46556248094397246, 0.0001408106180349015
0.46556726312328, 0.00014346537922448464
0.4655634604264813, 0.00014137159841669383
0.46554673566585736, 0.00013045929288437458
0.4655370292844972, 0.0001226440116991196
nan, nan
nan, nan
0.4643938219344525, 0.05918034411730091
0.4595051846509675, 0.055798704944030816
0.45789525013441223, 0.05569071126513636
0.45793261014492226, 0.054721605439058005
0.4571612126783943, 0.05415574618130222
0.4563672364913651, 0.05561604791503509
0.4533090333993953, 0.05301776172431287
0.4541518163173518, 0.051751593899443685
nan, nan
nan, nan
nan, nan
0.4656437779921997, 0.00016259409645441592
0.46558957996004824, 0.00015329518424508944
0.4656009900720801, 0.0001568631062221709
0.465606695128096, 0.00015830887969946276
0.4656284389264966, 0.00016186893854343827
0.4656243932945689, 0.00016143442538563347
0.4656212316108247, 0.00016102329300048614
nan, nan
0.5111860795454544, 0.0
0.48563460658884805, 0.025551472956606286
0.4771174489366461, 0.024090159729227983
0.4686896057565522, 0.03319395078654479
0.4681528855712171, 0.033311021085673236
0.46752058919084827, 0.03505742838461379
0.46751420801942606, 0.03392852279699117
0.4632562645148433, 0.037870220840420216
0.467764207194661, 0.038571414938226654
nan, nan
nan, nan
nan, nan
nan, nan
nan, nan
nan, nan
0.4654811838957453, 0.0
0.4656112591729088, 0.00015930902860087623
0.4656234537301429, 0.00016131882894961251
0.4656013621409506, 0.00015696412253968255
nan, nan
0.4600831336322418, 0.0
0.4673835544769865, 0.017882305977202532
0.4608550125459537, 0.03822864165655918
0.4603059132199047, 0.03962286595779909
0.4603061845110369, 0.03937570947928642
0.45797859706166233, 0.0428704713978525
0.45560450505338024, 0.042419867926271365
0.4569515757670737, 0.044093235438908494
0.4587082806589626, 0.04362720176216585
nan, nan
nan, nan
nan, nan
0.4654811838957453, 0.0
0.4654811838957452, 5.551115123125783e-17
0.4654811838957453, 0.0
0.4654811838957453, 0.0
0.4654811838957452, 5.551115123125783e-17
0.46548442451422867, 6.521618896195171e-05
0.46547933551746407, 0.00020912128543872064
nan, nan
nan, nan
0.4600831336322418, 0.0
0.4600831336322418, 0.0
0.4600831336322418, 0.0
0.452616969417996, 0.025318994704608175
0.4510887243584923, 0.027620532501766354
0.4496039122872696, 0.03107803721100914
0.44824354006138883, 0.034447849503552654
0.44905560721733756, 0.034975310740515894
nan, nan
nan, nan
nan, nan
0.46569797602435115, 0.00015329518424508944
0.46564377799219964, 0.00016259409645441594
0.4656324342180284, 0.0001621979006935042
0.4656260156119149, 0.00016162097032390696
0.4656204081985198, 0.00016090585118379782
0.4656100320476526, 0.0001590536118057338
0.4656195070108268, 0.00016077238464680483
nan, nan
0.45480078418482256, 0.08804470323065355
0.4111557432443115, 0.07276859399324895
0.40721405289826856, 0.07135663508723071
0.4010883060923224, 0.06767955815002806
0.3995997785222514, 0.067221509429605
0.39861811843640205, 0.07055053238325891
0.39993592261365446, 0.06980159216305605
0.39672609083159804, 0.07074638106409924
0.3954251027467042, 0.07053065301168557
nan, nan
nan, nan
nan, nan
0.4654811838957453, 0.0
0.4654811838957453, 0.0
0.46550031261297525, 7.651486891972513e-05
0.46550946112991104, 9.162871114895535e-05
0.4655152762062922, 9.961993385063664e-05
0.46550836100696824, 8.999489048075437e-05
0.46550492644959524, 8.459958225772697e-05
nan, nan
nan, nan
0.3349621603430994, 0.04496339372918818
0.3374078465439509, 0.04205686398128727
0.343077391827743, 0.039196141152178184
0.3459818363010835, 0.036913537985917025
0.34758828560025107, 0.04355555334726042
0.3490147754547988, 0.042193963777175755
0.34982055396337175, 0.04426851810466212
0.34823099582365885, 0.041292528081270694
nan, nan
nan, nan
nan, nan
nan, nan
nan, nan
nan, nan
nan, nan
0.24569461401202036, 0.0
0.3555878989538828, 0.10989328494186246
0.33893555357523214, 0.1308548775539355
nan, nan
nan, nan
0.366756080954169, 0.0
0.36513394214748207, 0.0039734123683501914
0.3660463952262435, 0.002748601005296681
0.3622983987206051, 0.024765309749250508
0.35965462998419906, 0.03071053185215966
0.3577220890539597, 0.03677137755336796
0.35839799196055844, 0.037469717462121827
0.3573869635278966, 0.040145816684497425
nan, nan
nan, nan
nan, nan
0.4654811838957453, 0.0
0.4654811838957453, 0.0
0.4654811838957453, 0.0
0.4654811838957453, 0.0
0.4654811838957453, 0.0
0.46548118389574533, 5.551115123125783e-17
0.4654811838957452, 5.551115123125783e-17
nan, nan
nan, nan
nan, nan
nan, nan
0.3520819637490599, 0.0
0.3520819637490599, 0.0
0.3520819637490599, 0.0
0.35208196374905987, 5.551115123125783e-17
0.35208196374906, 1.2869730969111293e-16
0.3539440528849769, 0.014058464679889124
nan, nan
nan, nan
0.4654811838957453, 0.0
0.465546221534327, 0.00013007527716362154
0.4655194413302052, 0.00010477229922978253
0.4655107464587368, 9.348503252607514e-05
0.4655033558179891, 8.19661710207084e-05
0.4654974108514793, 7.080607543959065e-05
0.46549380070923735, 6.279852543706276e-05
0.4654901154066616, 5.31474365100289e-05
nan, nan
nan, nan
0.4600831336322418, 0.0
0.4600831336322418, 0.0
0.4600831336322417, 1.8410966031475738e-16
0.4600831336322418, 2.430723786250072e-16
0.4600831336322417, 1.898773513585258e-16
0.45955469072098626, 0.006663411570848647
0.45927347121222517, 0.011405747831311255
0.4591370561164521, 0.013169981235384449
nan, nan
0.46580637208865433, 0.0
0.46580637208865433, 0.0
0.46572507504042704, 0.00014081061803499764
0.46572507504042715, 0.00014081061803499764
0.4657096945177895, 0.00014863327977290277
0.46570218558024673, 0.0001517412068636025
0.46569053707876196, 0.000155725489325747
0.46568740079856574, 0.0001566329817331959
0.46567545761615425, 0.00015947802866844694
nan, nan
nan, nan
nan, nan
0.5428454874154761, 0.0
0.43278960837715913, 0.09003979008171972
0.4397654451428795, 0.09054124160376505
0.43004616838085497, 0.08753591119728087
0.4330060220249062, 0.08840848102636803
0.4374531947263253, 0.08959051500211897
0.43487635523095985, 0.09004749094440773
nan, nan
nan, nan
0.4656437779921998, 0.00016259409645452694
0.4656979760243513, 0.0001532951842451941
0.4656865659123194, 0.00015686310622227805
0.46568129970676614, 0.00015820543965951175
0.46401265761892685, 0.020844946804365466
0.4644656915114099, 0.0178607261437917
0.46568977919028415, 0.00015595104993771633
0.46567689115022465, 0.0001591865539783322
nan, nan
nan, nan
0.4600831336322414, 0.0
0.4575592520222468, 0.042953649572608325
0.44832666428078904, 0.05024500043997434
0.44567951309705733, 0.05260506713299488
0.44603989389221427, 0.05600336672590733
0.4469570433846838, 0.055316266190477956
0.44798196722644185, 0.060306390179900984
0.44787332533606156, 0.06414831623456024
nan, nan
nan, nan
0.4656979760243513, 0.0001532951842451941
0.4657563431358992, 0.00011732829422531754
0.465737392775007, 0.0001329402596726582
0.46573643914394297, 0.00013360670327323707
0.46572420710041035, 0.00014130816945354303
0.46571743940606325, 0.00014495115145976705
0.4657083127624421, 0.00014923841205146423
0.46571124616108944, 0.00014793541289543738
nan, nan
0.3520819637490603, 0.0
0.3520819637490603, 0.0
0.4289665064791161, 0.1108200354638123
0.44083430259563916, 0.10767073583859268
0.4409554074867852, 0.10631053138551184
0.44095439373570905, 0.10579441184641751
0.4395305723532952, 0.10512024766744488
0.4412826478834545, 0.1071095824790175
0.4428001688746414, 0.1068548744552352