nan, nan
nan, nan
nan, nan
nan, nan
nan, nan
nan, nan
nan, nan
nan, nan
nan, nan
nan, nan
nan, nan
nan, nan
nan, nan
nan, nan
nan, nan
nan, nan
nan, nan
nan, nan
nan, nan
nan, nan
nan, nan
nan, nan
nan, nan
nan, nan
nan, nan
nan, nan
nan, nan
nan, nan
nan, nan
nan, nan
nan, nan
nan, nan
nan, nan
nan, nan
nan, nan
nan, nan
nan, nan
nan, nan
nan, nan
nan, nan
nan, nan
nan, nan
nan, nan
nan, nan
nan, nan
nan, nan
nan, nan
nan, nan
nan, nan
nan, nan
nan, nan
nan, nan
nan, nan
nan, nan
nan, nan
nan, nan
nan, nan
nan, nan
nan, nan
nan, nan
nan, nan
nan, nan
nan, nan
nan, nan
nan, nan
nan, nan
nan, nan
nan, nan
nan, nan
nan, nan
nan, nan
nan, nan
nan, nan
nan, nan
nan, nan
nan, nan
nan, nan
nan, nan
nan, nan
nan, nan
nan, nan
nan, nan
nan, nan
nan, nan
nan, nan
nan, nan
nan, nan
nan, nan
nan, nan
nan, nan
nan, nan
nan, nan
nan, nan
nan, nan
nan, nan
nan, nan
nan, nan
nan, nan
nan, nan
nan, nan
nan, nan
nan, nan
nan, nan
nan, nan
nan, nan
nan, nan
nan, nan
nan, nan
nan, nan
nan, nan
nan, nan
nan, nan
nan, nan
nan, nan
nan, nan
nan, nan
nan, nan
nan, nan
nan, nan
nan, nan
nan, nan
nan, nan
nan, nan
nan, nan
nan, nan
nan, nan
nan, nan
nan, nan
nan, nan
nan, nan
nan, nan
nan, nan
nan, nan
nan, nan
nan, nan
nan, nan
nan, nan
nan, nan
nan, nan
nan, nan
nan, nan
nan, nan
nan, nan
nan, nan
nan, nan
nan, nan
nan, nan
nan, nan
nan, nan
nan, nan
nan, nan
nan, nan
nan, nan
nan, nan
nan, nan
nan, nan
nan, nan
nan, nan
nan, nan
nan, nan
nan, nan
nan, nan
nan, nan
nan, nan
nan, nan
nan, nan
nan, nan
nan, nan
nan, nan
nan, nan
nan, nan
nan, nan
nan, nan
nan, nan
nan, nan
nan, nan
nan, nan
0.34474490514650585, 0.0
0.34474490514650585, 0.0
0.31539667073628797, 0.0880447032306536
nan, nan
nan, nan
nan, nan
nan, nan
nan, nan
nan, nan
nan, nan
nan, nan
nan, nan
nan, nan
nan, nan
nan, nan
nan, nan
0.05126256104432727, 0.0
0.1490900090783868, 0.13834890378211617
0.13511465935923542, 0.13258180862973834
0.12849475686069006, 0.129234182002006
0.12077153727905376, 0.12477243086639926
0.13080605534363862, 0.13244380660757468
0.14001718156225998, 0.1368516265892706
nan, nan
nan, nan
nan, nan
nan, nan
nan, nan
nan, nan
nan, nan
nan, nan
nan, nan
nan, nan
nan, nan
nan, nan
nan, nan
nan, nan
nan, nan
0.33799431211252345, 0.006750593033982399
0.2840201956363107, 0.10987392401160877
0.26974834093248357, 0.1197925555363289
0.2506739047343688, 0.12893595255205373
0.2397411776390033, 0.1330338383916367
nan, nan
nan, nan
nan, nan
nan, nan
nan, nan
nan, nan
nan, nan
0.1457805417401157, 0.0
0.17908523249741734, 0.04709994535961781
0.20287429732406134, 0.04944464273315657
nan, nan
nan, nan
0.33124371907854105, 0.0
0.15625549530715743, 0.1355452952897971
0.17644869717442033, 0.1399940062315538
0.17875072262842942, 0.13974316441881043
0.1542017757485217, 0.13666843942464826
0.14926919523151813, 0.13588851693381535
0.1518365109127086, 0.13707190831035837
0.1437907167181556, 0.1343985185725838
nan, nan
nan, nan
nan, nan
nan, nan
nan, nan
nan, nan
nan, nan
nan, nan
nan, nan
nan, nan
nan, nan
nan, nan
nan, nan
0.19125314006143415, 0.1399905790171069
0.21125179420673515, 0.138554740250637
0.23053045207650055, 0.13560463974215095
0.23864934842558091, 0.13204590885142725
0.24683469554802573, 0.12831694632565502
0.2448244331854958, 0.12823789968594693
0.24893561426101452, 0.12685830471969445
nan, nan
nan, nan
nan, nan
nan, nan
nan, nan
nan, nan
nan, nan
nan, nan
nan, nan
0.205340791697971, 0.0
0.33124371907854105, 0.0
0.30606313360242704, 0.050361170952228015
0.31699927047734977, 0.060624168194693795
0.32349117903306035, 0.06584929861265575
0.32432587900617577, 0.06002184421635274
0.3231480374545054, 0.06001187628472476
0.327269121061429, 0.05822324952650234
0.33100040885931215, 0.057734263081123574
0.3299050230194118, 0.05586226002084876
0.3300977484965537, 0.05888132987370646
nan, nan
nan, nan
nan, nan
nan, nan
nan, nan
nan, nan
nan, nan
nan, nan
nan, nan
nan, nan
nan, nan
nan, nan
nan, nan
0.3111125605545254, 0.02013115852401562
0.27786980656483357, 0.10240268209876972
0.295414810277882, 0.08499274173948913
0.2907354073543305, 0.09265446922136543
0.2894980660169514, 0.09533577332601191
0.29103795103263735, 0.09294355480240694
0.29518390364416724, 0.08950340371159557
nan, nan
nan, nan
nan, nan
nan, nan
nan, nan
nan, nan
nan, nan
nan, nan
nan, nan
nan, nan
nan, nan
0.2909814020305098, 0.0
0.30440217437985356, 0.01897983827396375
0.28385785571533106, 0.07222546135339614
0.2893080202748523, 0.06824306898822405
0.2895929988213004, 0.06805094335090799
0.29291344594328117, 0.06774487694183194
0.29203948559741716, 0.06934903340762268
0.2931408723268648, 0.06887165961407953
0.29365517600039565, 0.06755216270757347
nan, nan
nan, nan
nan, nan
nan, nan
nan, nan
nan, nan
nan, nan
nan, nan
nan, nan
0.1457805417401157, 0.0
nan, nan
0.33124371907854105, 0.0
0.33124371907854105, 0.0
0.33124371907854105, 0.0
0.33479284232632506, 0.02021627791364423
0.3284471679164968, 0.03188364998014616
0.329171074387103, 0.031128590787573948
0.32744517428671344, 0.03701946939033517
0.32609438731239937, 0.049906574685934894
0.32393339128137943, 0.04929752943257673
nan, nan
nan, nan
nan, nan
nan, nan
nan, nan
nan, nan
nan, nan
nan, nan
nan, nan
nan, nan
0.35540110930736046, 0.0
0.3450479420664379, 0.011954807787023762
0.3448978961643955, 0.011975505510186925
0.34155979736057274, 0.021552062871139137
0.3397411552032314, 0.02980432405182632
0.33873295274055715, 0.03126669300934001
0.337715495475997, 0.03137812530759248
0.3364415343995483, 0.03445300269995582
0.3362585817880996, 0.03335487497171603
0.33696901970904136, 0.03260451443641819